(kicad_pcb (version 20171130) (host pcbnew "(5.0.2)-1")

  (general
    (thickness 1.6)
    (drawings 4)
    (tracks 0)
    (zones 0)
    (modules 99)
    (nets 176)
  )

  (page A4)
  (layers
    (0 F.Cu jumper)
    (1 GND.Cu power)
    (2 P3V3.Cu power)
    (31 B.Cu signal)
    (37 F.SilkS user)
    (39 F.Mask user)
    (44 Edge.Cuts user)
    (45 Margin user)
    (46 B.CrtYd user)
    (47 F.CrtYd user)
  )

  (setup
    (last_trace_width 0.25)
    (trace_clearance 0.2)
    (zone_clearance 0.508)
    (zone_45_only no)
    (trace_min 0.2)
    (segment_width 0.2)
    (edge_width 0.15)
    (via_size 0.8)
    (via_drill 0.4)
    (via_min_size 0.4)
    (via_min_drill 0.3)
    (uvia_size 0.3)
    (uvia_drill 0.1)
    (uvias_allowed no)
    (uvia_min_size 0.2)
    (uvia_min_drill 0.1)
    (pcb_text_width 0.3)
    (pcb_text_size 1.5 1.5)
    (mod_edge_width 0.15)
    (mod_text_size 1 1)
    (mod_text_width 0.15)
    (pad_size 1.524 1.524)
    (pad_drill 0.762)
    (pad_to_mask_clearance 0.051)
    (solder_mask_min_width 0.25)
    (aux_axis_origin 87 128)
    (grid_origin 87 128)
    (visible_elements 7FFFFFFF)
    (pcbplotparams
      (layerselection 0x010fc_ffffffff)
      (usegerberextensions false)
      (usegerberattributes false)
      (usegerberadvancedattributes false)
      (creategerberjobfile false)
      (excludeedgelayer true)
      (linewidth 0.100000)
      (plotframeref false)
      (viasonmask false)
      (mode 1)
      (useauxorigin false)
      (hpglpennumber 1)
      (hpglpenspeed 20)
      (hpglpendiameter 15.000000)
      (psnegative false)
      (psa4output false)
      (plotreference true)
      (plotvalue true)
      (plotinvisibletext false)
      (padsonsilk false)
      (subtractmaskfromsilk false)
      (outputformat 1)
      (mirror false)
      (drillshape 1)
      (scaleselection 1)
      (outputdirectory ""))
  )

  (net 0 "")
  (net 1 GND)
  (net 2 +5V)
  (net 3 +3V3)
  (net 4 /3.3V_Analog)
  (net 5 "Net-(Q101-Pad2)")
  (net 6 "Net-(Q101-Pad3)")
  (net 7 "Net-(Q101-Pad1)")
  (net 8 /SCL)
  (net 9 /SDA)
  (net 10 /sw5)
  (net 11 /sw6)
  (net 12 /sw1)
  (net 13 /sw2)
  (net 14 /sw3)
  (net 15 /sw4)
  (net 16 /PWM)
  (net 17 "Net-(U101-Pad2)")
  (net 18 "Net-(RV101-Pad2)")
  (net 19 "Net-(U101-Pad5)")
  (net 20 "Net-(U101-Pad6)")
  (net 21 "Net-(U101-Pad7)")
  (net 22 "Net-(D101-Pad1)")
  (net 23 /MOSI)
  (net 24 /SCLK)
  (net 25 "Net-(D201-Pad5)")
  (net 26 "Net-(D201-Pad6)")
  (net 27 "Net-(D202-Pad6)")
  (net 28 "Net-(D202-Pad5)")
  (net 29 "/led matrix 1/CK0_0")
  (net 30 "/led matrix 1/SD0_0")
  (net 31 "Net-(D203-Pad6)")
  (net 32 "Net-(D203-Pad5)")
  (net 33 "/led matrix 1/CK0_1")
  (net 34 "/led matrix 1/SD0_1")
  (net 35 "/led matrix 1/SD0_2")
  (net 36 "/led matrix 1/CK0_2")
  (net 37 "Net-(D204-Pad5)")
  (net 38 "Net-(D204-Pad6)")
  (net 39 "Net-(D205-Pad6)")
  (net 40 "Net-(D205-Pad5)")
  (net 41 "/led matrix 1/CK0_3")
  (net 42 "/led matrix 1/SD0_3")
  (net 43 "/led matrix 1/SD0_4")
  (net 44 "/led matrix 1/CK0_4")
  (net 45 "Net-(D206-Pad5)")
  (net 46 "Net-(D206-Pad6)")
  (net 47 "/led matrix 1/SD0_5")
  (net 48 "/led matrix 1/CK0_5")
  (net 49 "Net-(D207-Pad5)")
  (net 50 "Net-(D207-Pad6)")
  (net 51 "/led matrix 1/SD0_6")
  (net 52 "/led matrix 1/CK0_6")
  (net 53 "Net-(D208-Pad5)")
  (net 54 "Net-(D208-Pad6)")
  (net 55 "Net-(D209-Pad6)")
  (net 56 "Net-(D209-Pad5)")
  (net 57 "Net-(D210-Pad5)")
  (net 58 "Net-(D210-Pad6)")
  (net 59 "Net-(D211-Pad5)")
  (net 60 "Net-(D211-Pad6)")
  (net 61 "Net-(D212-Pad6)")
  (net 62 "Net-(D212-Pad5)")
  (net 63 "Net-(D213-Pad6)")
  (net 64 "Net-(D213-Pad5)")
  (net 65 "Net-(D214-Pad6)")
  (net 66 "Net-(D214-Pad5)")
  (net 67 "Net-(D215-Pad6)")
  (net 68 "Net-(D215-Pad5)")
  (net 69 "Net-(D216-Pad6)")
  (net 70 "Net-(D216-Pad5)")
  (net 71 "Net-(D217-Pad5)")
  (net 72 "Net-(D217-Pad6)")
  (net 73 "Net-(D218-Pad6)")
  (net 74 "Net-(D218-Pad5)")
  (net 75 "Net-(D219-Pad6)")
  (net 76 "Net-(D219-Pad5)")
  (net 77 "Net-(D220-Pad5)")
  (net 78 "Net-(D220-Pad6)")
  (net 79 "Net-(D221-Pad6)")
  (net 80 "Net-(D221-Pad5)")
  (net 81 "Net-(D222-Pad5)")
  (net 82 "Net-(D222-Pad6)")
  (net 83 "Net-(D223-Pad6)")
  (net 84 "Net-(D223-Pad5)")
  (net 85 "Net-(D224-Pad5)")
  (net 86 "Net-(D224-Pad6)")
  (net 87 "Net-(D225-Pad6)")
  (net 88 "Net-(D225-Pad5)")
  (net 89 "Net-(D226-Pad5)")
  (net 90 "Net-(D226-Pad6)")
  (net 91 "Net-(D227-Pad5)")
  (net 92 "Net-(D227-Pad6)")
  (net 93 "Net-(D228-Pad5)")
  (net 94 "Net-(D228-Pad6)")
  (net 95 "Net-(D229-Pad5)")
  (net 96 "Net-(D229-Pad6)")
  (net 97 "Net-(D230-Pad6)")
  (net 98 "Net-(D230-Pad5)")
  (net 99 "Net-(D231-Pad6)")
  (net 100 "Net-(D231-Pad5)")
  (net 101 "Net-(D232-Pad6)")
  (net 102 "Net-(D232-Pad5)")
  (net 103 "Net-(D233-Pad5)")
  (net 104 "Net-(D233-Pad6)")
  (net 105 "Net-(D234-Pad6)")
  (net 106 "Net-(D234-Pad5)")
  (net 107 "Net-(D235-Pad5)")
  (net 108 "Net-(D235-Pad6)")
  (net 109 "Net-(D236-Pad6)")
  (net 110 "Net-(D236-Pad5)")
  (net 111 "Net-(D237-Pad5)")
  (net 112 "Net-(D237-Pad6)")
  (net 113 "Net-(D238-Pad5)")
  (net 114 "Net-(D238-Pad6)")
  (net 115 "Net-(D239-Pad5)")
  (net 116 "Net-(D239-Pad6)")
  (net 117 "Net-(D240-Pad6)")
  (net 118 "Net-(D240-Pad5)")
  (net 119 "Net-(D241-Pad6)")
  (net 120 "Net-(D241-Pad5)")
  (net 121 "Net-(D242-Pad5)")
  (net 122 "Net-(D242-Pad6)")
  (net 123 "Net-(D243-Pad6)")
  (net 124 "Net-(D243-Pad5)")
  (net 125 "Net-(D244-Pad5)")
  (net 126 "Net-(D244-Pad6)")
  (net 127 "Net-(D245-Pad6)")
  (net 128 "Net-(D245-Pad5)")
  (net 129 "Net-(D246-Pad6)")
  (net 130 "Net-(D246-Pad5)")
  (net 131 "Net-(D247-Pad6)")
  (net 132 "Net-(D247-Pad5)")
  (net 133 "Net-(D248-Pad5)")
  (net 134 "Net-(D248-Pad6)")
  (net 135 "Net-(D249-Pad5)")
  (net 136 "Net-(D249-Pad6)")
  (net 137 "Net-(D250-Pad6)")
  (net 138 "Net-(D250-Pad5)")
  (net 139 "Net-(D251-Pad5)")
  (net 140 "Net-(D251-Pad6)")
  (net 141 "Net-(D252-Pad6)")
  (net 142 "Net-(D252-Pad5)")
  (net 143 "Net-(D253-Pad5)")
  (net 144 "Net-(D253-Pad6)")
  (net 145 "Net-(D254-Pad5)")
  (net 146 "Net-(D254-Pad6)")
  (net 147 "Net-(D255-Pad5)")
  (net 148 "Net-(D255-Pad6)")
  (net 149 "Net-(D256-Pad5)")
  (net 150 "Net-(D256-Pad6)")
  (net 151 "Net-(D264-Pad5)")
  (net 152 "Net-(D264-Pad6)")
  (net 153 "Net-(J101-Pad1)")
  (net 154 "Net-(J101-Pad7)")
  (net 155 "Net-(J101-Pad8)")
  (net 156 "Net-(J101-Pad10)")
  (net 157 "Net-(J101-Pad11)")
  (net 158 "Net-(J101-Pad12)")
  (net 159 "Net-(J101-Pad13)")
  (net 160 "Net-(J101-Pad15)")
  (net 161 "Net-(J101-Pad16)")
  (net 162 "Net-(J101-Pad17)")
  (net 163 "Net-(J101-Pad18)")
  (net 164 "Net-(J101-Pad21)")
  (net 165 "Net-(J101-Pad22)")
  (net 166 "Net-(J101-Pad24)")
  (net 167 "Net-(J101-Pad26)")
  (net 168 "Net-(J101-Pad27)")
  (net 169 "Net-(J101-Pad28)")
  (net 170 "Net-(J101-Pad29)")
  (net 171 "Net-(J101-Pad31)")
  (net 172 "Net-(H1-Pad1)")
  (net 173 "Net-(H2-Pad1)")
  (net 174 "Net-(H3-Pad1)")
  (net 175 "Net-(H4-Pad1)")

  (net_class Default "This is the default net class."
    (clearance 0.2)
    (trace_width 0.25)
    (via_dia 0.8)
    (via_drill 0.4)
    (uvia_dia 0.3)
    (uvia_drill 0.1)
    (add_net +3V3)
    (add_net /3.3V_Analog)
    (add_net /MOSI)
    (add_net /PWM)
    (add_net /SCL)
    (add_net /SCLK)
    (add_net /SDA)
    (add_net "/led matrix 1/CK0_0")
    (add_net "/led matrix 1/CK0_1")
    (add_net "/led matrix 1/CK0_2")
    (add_net "/led matrix 1/CK0_3")
    (add_net "/led matrix 1/CK0_4")
    (add_net "/led matrix 1/CK0_5")
    (add_net "/led matrix 1/CK0_6")
    (add_net "/led matrix 1/SD0_0")
    (add_net "/led matrix 1/SD0_1")
    (add_net "/led matrix 1/SD0_2")
    (add_net "/led matrix 1/SD0_3")
    (add_net "/led matrix 1/SD0_4")
    (add_net "/led matrix 1/SD0_5")
    (add_net "/led matrix 1/SD0_6")
    (add_net /sw1)
    (add_net /sw2)
    (add_net /sw3)
    (add_net /sw4)
    (add_net /sw5)
    (add_net /sw6)
    (add_net "Net-(D101-Pad1)")
    (add_net "Net-(D201-Pad5)")
    (add_net "Net-(D201-Pad6)")
    (add_net "Net-(D202-Pad5)")
    (add_net "Net-(D202-Pad6)")
    (add_net "Net-(D203-Pad5)")
    (add_net "Net-(D203-Pad6)")
    (add_net "Net-(D204-Pad5)")
    (add_net "Net-(D204-Pad6)")
    (add_net "Net-(D205-Pad5)")
    (add_net "Net-(D205-Pad6)")
    (add_net "Net-(D206-Pad5)")
    (add_net "Net-(D206-Pad6)")
    (add_net "Net-(D207-Pad5)")
    (add_net "Net-(D207-Pad6)")
    (add_net "Net-(D208-Pad5)")
    (add_net "Net-(D208-Pad6)")
    (add_net "Net-(D209-Pad5)")
    (add_net "Net-(D209-Pad6)")
    (add_net "Net-(D210-Pad5)")
    (add_net "Net-(D210-Pad6)")
    (add_net "Net-(D211-Pad5)")
    (add_net "Net-(D211-Pad6)")
    (add_net "Net-(D212-Pad5)")
    (add_net "Net-(D212-Pad6)")
    (add_net "Net-(D213-Pad5)")
    (add_net "Net-(D213-Pad6)")
    (add_net "Net-(D214-Pad5)")
    (add_net "Net-(D214-Pad6)")
    (add_net "Net-(D215-Pad5)")
    (add_net "Net-(D215-Pad6)")
    (add_net "Net-(D216-Pad5)")
    (add_net "Net-(D216-Pad6)")
    (add_net "Net-(D217-Pad5)")
    (add_net "Net-(D217-Pad6)")
    (add_net "Net-(D218-Pad5)")
    (add_net "Net-(D218-Pad6)")
    (add_net "Net-(D219-Pad5)")
    (add_net "Net-(D219-Pad6)")
    (add_net "Net-(D220-Pad5)")
    (add_net "Net-(D220-Pad6)")
    (add_net "Net-(D221-Pad5)")
    (add_net "Net-(D221-Pad6)")
    (add_net "Net-(D222-Pad5)")
    (add_net "Net-(D222-Pad6)")
    (add_net "Net-(D223-Pad5)")
    (add_net "Net-(D223-Pad6)")
    (add_net "Net-(D224-Pad5)")
    (add_net "Net-(D224-Pad6)")
    (add_net "Net-(D225-Pad5)")
    (add_net "Net-(D225-Pad6)")
    (add_net "Net-(D226-Pad5)")
    (add_net "Net-(D226-Pad6)")
    (add_net "Net-(D227-Pad5)")
    (add_net "Net-(D227-Pad6)")
    (add_net "Net-(D228-Pad5)")
    (add_net "Net-(D228-Pad6)")
    (add_net "Net-(D229-Pad5)")
    (add_net "Net-(D229-Pad6)")
    (add_net "Net-(D230-Pad5)")
    (add_net "Net-(D230-Pad6)")
    (add_net "Net-(D231-Pad5)")
    (add_net "Net-(D231-Pad6)")
    (add_net "Net-(D232-Pad5)")
    (add_net "Net-(D232-Pad6)")
    (add_net "Net-(D233-Pad5)")
    (add_net "Net-(D233-Pad6)")
    (add_net "Net-(D234-Pad5)")
    (add_net "Net-(D234-Pad6)")
    (add_net "Net-(D235-Pad5)")
    (add_net "Net-(D235-Pad6)")
    (add_net "Net-(D236-Pad5)")
    (add_net "Net-(D236-Pad6)")
    (add_net "Net-(D237-Pad5)")
    (add_net "Net-(D237-Pad6)")
    (add_net "Net-(D238-Pad5)")
    (add_net "Net-(D238-Pad6)")
    (add_net "Net-(D239-Pad5)")
    (add_net "Net-(D239-Pad6)")
    (add_net "Net-(D240-Pad5)")
    (add_net "Net-(D240-Pad6)")
    (add_net "Net-(D241-Pad5)")
    (add_net "Net-(D241-Pad6)")
    (add_net "Net-(D242-Pad5)")
    (add_net "Net-(D242-Pad6)")
    (add_net "Net-(D243-Pad5)")
    (add_net "Net-(D243-Pad6)")
    (add_net "Net-(D244-Pad5)")
    (add_net "Net-(D244-Pad6)")
    (add_net "Net-(D245-Pad5)")
    (add_net "Net-(D245-Pad6)")
    (add_net "Net-(D246-Pad5)")
    (add_net "Net-(D246-Pad6)")
    (add_net "Net-(D247-Pad5)")
    (add_net "Net-(D247-Pad6)")
    (add_net "Net-(D248-Pad5)")
    (add_net "Net-(D248-Pad6)")
    (add_net "Net-(D249-Pad5)")
    (add_net "Net-(D249-Pad6)")
    (add_net "Net-(D250-Pad5)")
    (add_net "Net-(D250-Pad6)")
    (add_net "Net-(D251-Pad5)")
    (add_net "Net-(D251-Pad6)")
    (add_net "Net-(D252-Pad5)")
    (add_net "Net-(D252-Pad6)")
    (add_net "Net-(D253-Pad5)")
    (add_net "Net-(D253-Pad6)")
    (add_net "Net-(D254-Pad5)")
    (add_net "Net-(D254-Pad6)")
    (add_net "Net-(D255-Pad5)")
    (add_net "Net-(D255-Pad6)")
    (add_net "Net-(D256-Pad5)")
    (add_net "Net-(D256-Pad6)")
    (add_net "Net-(D264-Pad5)")
    (add_net "Net-(D264-Pad6)")
    (add_net "Net-(H1-Pad1)")
    (add_net "Net-(H2-Pad1)")
    (add_net "Net-(H3-Pad1)")
    (add_net "Net-(H4-Pad1)")
    (add_net "Net-(J101-Pad1)")
    (add_net "Net-(J101-Pad10)")
    (add_net "Net-(J101-Pad11)")
    (add_net "Net-(J101-Pad12)")
    (add_net "Net-(J101-Pad13)")
    (add_net "Net-(J101-Pad15)")
    (add_net "Net-(J101-Pad16)")
    (add_net "Net-(J101-Pad17)")
    (add_net "Net-(J101-Pad18)")
    (add_net "Net-(J101-Pad21)")
    (add_net "Net-(J101-Pad22)")
    (add_net "Net-(J101-Pad24)")
    (add_net "Net-(J101-Pad26)")
    (add_net "Net-(J101-Pad27)")
    (add_net "Net-(J101-Pad28)")
    (add_net "Net-(J101-Pad29)")
    (add_net "Net-(J101-Pad31)")
    (add_net "Net-(J101-Pad7)")
    (add_net "Net-(J101-Pad8)")
    (add_net "Net-(Q101-Pad1)")
    (add_net "Net-(Q101-Pad2)")
    (add_net "Net-(Q101-Pad3)")
    (add_net "Net-(RV101-Pad2)")
    (add_net "Net-(U101-Pad2)")
    (add_net "Net-(U101-Pad5)")
    (add_net "Net-(U101-Pad6)")
    (add_net "Net-(U101-Pad7)")
  )

  (net_class Power ""
    (clearance 0.4)
    (trace_width 0.5)
    (via_dia 1.6)
    (via_drill 0.8)
    (uvia_dia 0.3)
    (uvia_drill 0.1)
    (add_net +5V)
    (add_net GND)
  )

  (module Capacitor_SMD:C_0805_2012Metric (layer F.Cu) (tedit 5B36C52B) (tstamp 5CBA61AB)
    (at 57.835001 35.145001)
    (descr "Capacitor SMD 0805 (2012 Metric), square (rectangular) end terminal, IPC_7351 nominal, (Body size source: https://docs.google.com/spreadsheets/d/1BsfQQcO9C6DZCsRaXUlFlo91Tg2WpOkGARC1WS5S8t0/edit?usp=sharing), generated with kicad-footprint-generator")
    (tags capacitor)
    (path /5C97CA99)
    (attr smd)
    (fp_text reference C102 (at 0 -1.65) (layer F.SilkS)
      (effects (font (size 1 1) (thickness 0.15)))
    )
    (fp_text value 100n (at 0 1.65) (layer F.Fab)
      (effects (font (size 1 1) (thickness 0.15)))
    )
    (fp_text user %R (at 0 0) (layer F.Fab)
      (effects (font (size 0.5 0.5) (thickness 0.08)))
    )
    (fp_line (start 1.68 0.95) (end -1.68 0.95) (layer F.CrtYd) (width 0.05))
    (fp_line (start 1.68 -0.95) (end 1.68 0.95) (layer F.CrtYd) (width 0.05))
    (fp_line (start -1.68 -0.95) (end 1.68 -0.95) (layer F.CrtYd) (width 0.05))
    (fp_line (start -1.68 0.95) (end -1.68 -0.95) (layer F.CrtYd) (width 0.05))
    (fp_line (start -0.258578 0.71) (end 0.258578 0.71) (layer F.SilkS) (width 0.12))
    (fp_line (start -0.258578 -0.71) (end 0.258578 -0.71) (layer F.SilkS) (width 0.12))
    (fp_line (start 1 0.6) (end -1 0.6) (layer F.Fab) (width 0.1))
    (fp_line (start 1 -0.6) (end 1 0.6) (layer F.Fab) (width 0.1))
    (fp_line (start -1 -0.6) (end 1 -0.6) (layer F.Fab) (width 0.1))
    (fp_line (start -1 0.6) (end -1 -0.6) (layer F.Fab) (width 0.1))
    (pad 2 smd roundrect (at 0.9375 0) (size 0.975 1.4) (layers F.Cu F.Paste F.Mask) (roundrect_rratio 0.25)
      (net 1 GND))
    (pad 1 smd roundrect (at -0.9375 0) (size 0.975 1.4) (layers F.Cu F.Paste F.Mask) (roundrect_rratio 0.25)
      (net 2 +5V))
    (model ${KISYS3DMOD}/Capacitor_SMD.3dshapes/C_0805_2012Metric.wrl
      (at (xyz 0 0 0))
      (scale (xyz 1 1 1))
      (rotate (xyz 0 0 0))
    )
  )

  (module Capacitor_SMD:C_0805_2012Metric (layer F.Cu) (tedit 5B36C52B) (tstamp 5CBA61BC)
    (at 35.635001 50.145001)
    (descr "Capacitor SMD 0805 (2012 Metric), square (rectangular) end terminal, IPC_7351 nominal, (Body size source: https://docs.google.com/spreadsheets/d/1BsfQQcO9C6DZCsRaXUlFlo91Tg2WpOkGARC1WS5S8t0/edit?usp=sharing), generated with kicad-footprint-generator")
    (tags capacitor)
    (path /5C97B695)
    (attr smd)
    (fp_text reference C103 (at 0 -1.65) (layer F.SilkS)
      (effects (font (size 1 1) (thickness 0.15)))
    )
    (fp_text value 100n (at 0 1.65) (layer F.Fab)
      (effects (font (size 1 1) (thickness 0.15)))
    )
    (fp_line (start -1 0.6) (end -1 -0.6) (layer F.Fab) (width 0.1))
    (fp_line (start -1 -0.6) (end 1 -0.6) (layer F.Fab) (width 0.1))
    (fp_line (start 1 -0.6) (end 1 0.6) (layer F.Fab) (width 0.1))
    (fp_line (start 1 0.6) (end -1 0.6) (layer F.Fab) (width 0.1))
    (fp_line (start -0.258578 -0.71) (end 0.258578 -0.71) (layer F.SilkS) (width 0.12))
    (fp_line (start -0.258578 0.71) (end 0.258578 0.71) (layer F.SilkS) (width 0.12))
    (fp_line (start -1.68 0.95) (end -1.68 -0.95) (layer F.CrtYd) (width 0.05))
    (fp_line (start -1.68 -0.95) (end 1.68 -0.95) (layer F.CrtYd) (width 0.05))
    (fp_line (start 1.68 -0.95) (end 1.68 0.95) (layer F.CrtYd) (width 0.05))
    (fp_line (start 1.68 0.95) (end -1.68 0.95) (layer F.CrtYd) (width 0.05))
    (fp_text user %R (at 0 0) (layer F.Fab)
      (effects (font (size 0.5 0.5) (thickness 0.08)))
    )
    (pad 1 smd roundrect (at -0.9375 0) (size 0.975 1.4) (layers F.Cu F.Paste F.Mask) (roundrect_rratio 0.25)
      (net 3 +3V3))
    (pad 2 smd roundrect (at 0.9375 0) (size 0.975 1.4) (layers F.Cu F.Paste F.Mask) (roundrect_rratio 0.25)
      (net 1 GND))
    (model ${KISYS3DMOD}/Capacitor_SMD.3dshapes/C_0805_2012Metric.wrl
      (at (xyz 0 0 0))
      (scale (xyz 1 1 1))
      (rotate (xyz 0 0 0))
    )
  )

  (module Capacitor_SMD:C_0805_2012Metric (layer F.Cu) (tedit 5B36C52B) (tstamp 5CBA61CD)
    (at 35.635001 52.095001)
    (descr "Capacitor SMD 0805 (2012 Metric), square (rectangular) end terminal, IPC_7351 nominal, (Body size source: https://docs.google.com/spreadsheets/d/1BsfQQcO9C6DZCsRaXUlFlo91Tg2WpOkGARC1WS5S8t0/edit?usp=sharing), generated with kicad-footprint-generator")
    (tags capacitor)
    (path /5C97C4F5)
    (attr smd)
    (fp_text reference C105 (at 0 -1.65) (layer F.SilkS)
      (effects (font (size 1 1) (thickness 0.15)))
    )
    (fp_text value 100n (at 0 1.65) (layer F.Fab)
      (effects (font (size 1 1) (thickness 0.15)))
    )
    (fp_line (start -1 0.6) (end -1 -0.6) (layer F.Fab) (width 0.1))
    (fp_line (start -1 -0.6) (end 1 -0.6) (layer F.Fab) (width 0.1))
    (fp_line (start 1 -0.6) (end 1 0.6) (layer F.Fab) (width 0.1))
    (fp_line (start 1 0.6) (end -1 0.6) (layer F.Fab) (width 0.1))
    (fp_line (start -0.258578 -0.71) (end 0.258578 -0.71) (layer F.SilkS) (width 0.12))
    (fp_line (start -0.258578 0.71) (end 0.258578 0.71) (layer F.SilkS) (width 0.12))
    (fp_line (start -1.68 0.95) (end -1.68 -0.95) (layer F.CrtYd) (width 0.05))
    (fp_line (start -1.68 -0.95) (end 1.68 -0.95) (layer F.CrtYd) (width 0.05))
    (fp_line (start 1.68 -0.95) (end 1.68 0.95) (layer F.CrtYd) (width 0.05))
    (fp_line (start 1.68 0.95) (end -1.68 0.95) (layer F.CrtYd) (width 0.05))
    (fp_text user %R (at 0 0) (layer F.Fab)
      (effects (font (size 0.5 0.5) (thickness 0.08)))
    )
    (pad 1 smd roundrect (at -0.9375 0) (size 0.975 1.4) (layers F.Cu F.Paste F.Mask) (roundrect_rratio 0.25)
      (net 3 +3V3))
    (pad 2 smd roundrect (at 0.9375 0) (size 0.975 1.4) (layers F.Cu F.Paste F.Mask) (roundrect_rratio 0.25)
      (net 1 GND))
    (model ${KISYS3DMOD}/Capacitor_SMD.3dshapes/C_0805_2012Metric.wrl
      (at (xyz 0 0 0))
      (scale (xyz 1 1 1))
      (rotate (xyz 0 0 0))
    )
  )

  (module Capacitor_SMD:C_0805_2012Metric (layer F.Cu) (tedit 5B36C52B) (tstamp 5CBA61DE)
    (at 52.325001 39.935001)
    (descr "Capacitor SMD 0805 (2012 Metric), square (rectangular) end terminal, IPC_7351 nominal, (Body size source: https://docs.google.com/spreadsheets/d/1BsfQQcO9C6DZCsRaXUlFlo91Tg2WpOkGARC1WS5S8t0/edit?usp=sharing), generated with kicad-footprint-generator")
    (tags capacitor)
    (path /5C77B7BB)
    (attr smd)
    (fp_text reference C106 (at 0 -1.65) (layer F.SilkS)
      (effects (font (size 1 1) (thickness 0.15)))
    )
    (fp_text value 100n (at 0 1.65) (layer F.Fab)
      (effects (font (size 1 1) (thickness 0.15)))
    )
    (fp_text user %R (at 0 0) (layer F.Fab)
      (effects (font (size 0.5 0.5) (thickness 0.08)))
    )
    (fp_line (start 1.68 0.95) (end -1.68 0.95) (layer F.CrtYd) (width 0.05))
    (fp_line (start 1.68 -0.95) (end 1.68 0.95) (layer F.CrtYd) (width 0.05))
    (fp_line (start -1.68 -0.95) (end 1.68 -0.95) (layer F.CrtYd) (width 0.05))
    (fp_line (start -1.68 0.95) (end -1.68 -0.95) (layer F.CrtYd) (width 0.05))
    (fp_line (start -0.258578 0.71) (end 0.258578 0.71) (layer F.SilkS) (width 0.12))
    (fp_line (start -0.258578 -0.71) (end 0.258578 -0.71) (layer F.SilkS) (width 0.12))
    (fp_line (start 1 0.6) (end -1 0.6) (layer F.Fab) (width 0.1))
    (fp_line (start 1 -0.6) (end 1 0.6) (layer F.Fab) (width 0.1))
    (fp_line (start -1 -0.6) (end 1 -0.6) (layer F.Fab) (width 0.1))
    (fp_line (start -1 0.6) (end -1 -0.6) (layer F.Fab) (width 0.1))
    (pad 2 smd roundrect (at 0.9375 0) (size 0.975 1.4) (layers F.Cu F.Paste F.Mask) (roundrect_rratio 0.25)
      (net 1 GND))
    (pad 1 smd roundrect (at -0.9375 0) (size 0.975 1.4) (layers F.Cu F.Paste F.Mask) (roundrect_rratio 0.25)
      (net 4 /3.3V_Analog))
    (model ${KISYS3DMOD}/Capacitor_SMD.3dshapes/C_0805_2012Metric.wrl
      (at (xyz 0 0 0))
      (scale (xyz 1 1 1))
      (rotate (xyz 0 0 0))
    )
  )

  (module Package_TO_SOT_THT:TO-92_Inline (layer F.Cu) (tedit 5A1DD157) (tstamp 5CBA61F0)
    (at 52.105001 36.925001)
    (descr "TO-92 leads in-line, narrow, oval pads, drill 0.75mm (see NXP sot054_po.pdf)")
    (tags "to-92 sc-43 sc-43a sot54 PA33 transistor")
    (path /5C972688)
    (fp_text reference Q101 (at 1.27 -3.56) (layer F.SilkS)
      (effects (font (size 1 1) (thickness 0.15)))
    )
    (fp_text value 2N3904 (at 1.27 2.79) (layer F.Fab)
      (effects (font (size 1 1) (thickness 0.15)))
    )
    (fp_text user %R (at 1.27 -3.56) (layer F.Fab)
      (effects (font (size 1 1) (thickness 0.15)))
    )
    (fp_line (start -0.53 1.85) (end 3.07 1.85) (layer F.SilkS) (width 0.12))
    (fp_line (start -0.5 1.75) (end 3 1.75) (layer F.Fab) (width 0.1))
    (fp_line (start -1.46 -2.73) (end 4 -2.73) (layer F.CrtYd) (width 0.05))
    (fp_line (start -1.46 -2.73) (end -1.46 2.01) (layer F.CrtYd) (width 0.05))
    (fp_line (start 4 2.01) (end 4 -2.73) (layer F.CrtYd) (width 0.05))
    (fp_line (start 4 2.01) (end -1.46 2.01) (layer F.CrtYd) (width 0.05))
    (fp_arc (start 1.27 0) (end 1.27 -2.48) (angle 135) (layer F.Fab) (width 0.1))
    (fp_arc (start 1.27 0) (end 1.27 -2.6) (angle -135) (layer F.SilkS) (width 0.12))
    (fp_arc (start 1.27 0) (end 1.27 -2.48) (angle -135) (layer F.Fab) (width 0.1))
    (fp_arc (start 1.27 0) (end 1.27 -2.6) (angle 135) (layer F.SilkS) (width 0.12))
    (pad 2 thru_hole oval (at 1.27 0) (size 1.05 1.5) (drill 0.75) (layers *.Cu *.Mask)
      (net 5 "Net-(Q101-Pad2)"))
    (pad 3 thru_hole oval (at 2.54 0) (size 1.05 1.5) (drill 0.75) (layers *.Cu *.Mask)
      (net 6 "Net-(Q101-Pad3)"))
    (pad 1 thru_hole rect (at 0 0) (size 1.05 1.5) (drill 0.75) (layers *.Cu *.Mask)
      (net 7 "Net-(Q101-Pad1)"))
    (model ${KISYS3DMOD}/Package_TO_SOT_THT.3dshapes/TO-92_Inline.wrl
      (at (xyz 0 0 0))
      (scale (xyz 1 1 1))
      (rotate (xyz 0 0 0))
    )
  )

  (module Resistor_SMD:R_0805_2012Metric (layer F.Cu) (tedit 5B36C52B) (tstamp 5CBA6201)
    (at 39.045001 50.145001)
    (descr "Resistor SMD 0805 (2012 Metric), square (rectangular) end terminal, IPC_7351 nominal, (Body size source: https://docs.google.com/spreadsheets/d/1BsfQQcO9C6DZCsRaXUlFlo91Tg2WpOkGARC1WS5S8t0/edit?usp=sharing), generated with kicad-footprint-generator")
    (tags resistor)
    (path /5C8C87D4)
    (attr smd)
    (fp_text reference R101 (at 0 -1.65) (layer F.SilkS)
      (effects (font (size 1 1) (thickness 0.15)))
    )
    (fp_text value DNP (at 0 1.65) (layer F.Fab)
      (effects (font (size 1 1) (thickness 0.15)))
    )
    (fp_text user %R (at 0 0) (layer F.Fab)
      (effects (font (size 0.5 0.5) (thickness 0.08)))
    )
    (fp_line (start 1.68 0.95) (end -1.68 0.95) (layer F.CrtYd) (width 0.05))
    (fp_line (start 1.68 -0.95) (end 1.68 0.95) (layer F.CrtYd) (width 0.05))
    (fp_line (start -1.68 -0.95) (end 1.68 -0.95) (layer F.CrtYd) (width 0.05))
    (fp_line (start -1.68 0.95) (end -1.68 -0.95) (layer F.CrtYd) (width 0.05))
    (fp_line (start -0.258578 0.71) (end 0.258578 0.71) (layer F.SilkS) (width 0.12))
    (fp_line (start -0.258578 -0.71) (end 0.258578 -0.71) (layer F.SilkS) (width 0.12))
    (fp_line (start 1 0.6) (end -1 0.6) (layer F.Fab) (width 0.1))
    (fp_line (start 1 -0.6) (end 1 0.6) (layer F.Fab) (width 0.1))
    (fp_line (start -1 -0.6) (end 1 -0.6) (layer F.Fab) (width 0.1))
    (fp_line (start -1 0.6) (end -1 -0.6) (layer F.Fab) (width 0.1))
    (pad 2 smd roundrect (at 0.9375 0) (size 0.975 1.4) (layers F.Cu F.Paste F.Mask) (roundrect_rratio 0.25)
      (net 3 +3V3))
    (pad 1 smd roundrect (at -0.9375 0) (size 0.975 1.4) (layers F.Cu F.Paste F.Mask) (roundrect_rratio 0.25)
      (net 8 /SCL))
    (model ${KISYS3DMOD}/Resistor_SMD.3dshapes/R_0805_2012Metric.wrl
      (at (xyz 0 0 0))
      (scale (xyz 1 1 1))
      (rotate (xyz 0 0 0))
    )
  )

  (module Resistor_SMD:R_0805_2012Metric (layer F.Cu) (tedit 5B36C52B) (tstamp 5CBA6212)
    (at 35.635001 54.045001)
    (descr "Resistor SMD 0805 (2012 Metric), square (rectangular) end terminal, IPC_7351 nominal, (Body size source: https://docs.google.com/spreadsheets/d/1BsfQQcO9C6DZCsRaXUlFlo91Tg2WpOkGARC1WS5S8t0/edit?usp=sharing), generated with kicad-footprint-generator")
    (tags resistor)
    (path /5C8C8858)
    (attr smd)
    (fp_text reference R102 (at 0 -1.65) (layer F.SilkS)
      (effects (font (size 1 1) (thickness 0.15)))
    )
    (fp_text value DNP (at 0 1.65) (layer F.Fab)
      (effects (font (size 1 1) (thickness 0.15)))
    )
    (fp_line (start -1 0.6) (end -1 -0.6) (layer F.Fab) (width 0.1))
    (fp_line (start -1 -0.6) (end 1 -0.6) (layer F.Fab) (width 0.1))
    (fp_line (start 1 -0.6) (end 1 0.6) (layer F.Fab) (width 0.1))
    (fp_line (start 1 0.6) (end -1 0.6) (layer F.Fab) (width 0.1))
    (fp_line (start -0.258578 -0.71) (end 0.258578 -0.71) (layer F.SilkS) (width 0.12))
    (fp_line (start -0.258578 0.71) (end 0.258578 0.71) (layer F.SilkS) (width 0.12))
    (fp_line (start -1.68 0.95) (end -1.68 -0.95) (layer F.CrtYd) (width 0.05))
    (fp_line (start -1.68 -0.95) (end 1.68 -0.95) (layer F.CrtYd) (width 0.05))
    (fp_line (start 1.68 -0.95) (end 1.68 0.95) (layer F.CrtYd) (width 0.05))
    (fp_line (start 1.68 0.95) (end -1.68 0.95) (layer F.CrtYd) (width 0.05))
    (fp_text user %R (at 0 0) (layer F.Fab)
      (effects (font (size 0.5 0.5) (thickness 0.08)))
    )
    (pad 1 smd roundrect (at -0.9375 0) (size 0.975 1.4) (layers F.Cu F.Paste F.Mask) (roundrect_rratio 0.25)
      (net 9 /SDA))
    (pad 2 smd roundrect (at 0.9375 0) (size 0.975 1.4) (layers F.Cu F.Paste F.Mask) (roundrect_rratio 0.25)
      (net 3 +3V3))
    (model ${KISYS3DMOD}/Resistor_SMD.3dshapes/R_0805_2012Metric.wrl
      (at (xyz 0 0 0))
      (scale (xyz 1 1 1))
      (rotate (xyz 0 0 0))
    )
  )

  (module Resistor_SMD:R_0805_2012Metric (layer F.Cu) (tedit 5B36C52B) (tstamp 5CBA6223)
    (at 44.995001 46.495001)
    (descr "Resistor SMD 0805 (2012 Metric), square (rectangular) end terminal, IPC_7351 nominal, (Body size source: https://docs.google.com/spreadsheets/d/1BsfQQcO9C6DZCsRaXUlFlo91Tg2WpOkGARC1WS5S8t0/edit?usp=sharing), generated with kicad-footprint-generator")
    (tags resistor)
    (path /5C8AC6FB)
    (attr smd)
    (fp_text reference R103 (at 0 -1.65) (layer F.SilkS)
      (effects (font (size 1 1) (thickness 0.15)))
    )
    (fp_text value 1k (at 0 1.65) (layer F.Fab)
      (effects (font (size 1 1) (thickness 0.15)))
    )
    (fp_line (start -1 0.6) (end -1 -0.6) (layer F.Fab) (width 0.1))
    (fp_line (start -1 -0.6) (end 1 -0.6) (layer F.Fab) (width 0.1))
    (fp_line (start 1 -0.6) (end 1 0.6) (layer F.Fab) (width 0.1))
    (fp_line (start 1 0.6) (end -1 0.6) (layer F.Fab) (width 0.1))
    (fp_line (start -0.258578 -0.71) (end 0.258578 -0.71) (layer F.SilkS) (width 0.12))
    (fp_line (start -0.258578 0.71) (end 0.258578 0.71) (layer F.SilkS) (width 0.12))
    (fp_line (start -1.68 0.95) (end -1.68 -0.95) (layer F.CrtYd) (width 0.05))
    (fp_line (start -1.68 -0.95) (end 1.68 -0.95) (layer F.CrtYd) (width 0.05))
    (fp_line (start 1.68 -0.95) (end 1.68 0.95) (layer F.CrtYd) (width 0.05))
    (fp_line (start 1.68 0.95) (end -1.68 0.95) (layer F.CrtYd) (width 0.05))
    (fp_text user %R (at 0 0) (layer F.Fab)
      (effects (font (size 0.5 0.5) (thickness 0.08)))
    )
    (pad 1 smd roundrect (at -0.9375 0) (size 0.975 1.4) (layers F.Cu F.Paste F.Mask) (roundrect_rratio 0.25)
      (net 10 /sw5))
    (pad 2 smd roundrect (at 0.9375 0) (size 0.975 1.4) (layers F.Cu F.Paste F.Mask) (roundrect_rratio 0.25)
      (net 1 GND))
    (model ${KISYS3DMOD}/Resistor_SMD.3dshapes/R_0805_2012Metric.wrl
      (at (xyz 0 0 0))
      (scale (xyz 1 1 1))
      (rotate (xyz 0 0 0))
    )
  )

  (module Resistor_SMD:R_0805_2012Metric (layer F.Cu) (tedit 5B36C52B) (tstamp 5CBA6234)
    (at 39.045001 52.095001)
    (descr "Resistor SMD 0805 (2012 Metric), square (rectangular) end terminal, IPC_7351 nominal, (Body size source: https://docs.google.com/spreadsheets/d/1BsfQQcO9C6DZCsRaXUlFlo91Tg2WpOkGARC1WS5S8t0/edit?usp=sharing), generated with kicad-footprint-generator")
    (tags resistor)
    (path /5C8AC71C)
    (attr smd)
    (fp_text reference R104 (at 0 -1.65) (layer F.SilkS)
      (effects (font (size 1 1) (thickness 0.15)))
    )
    (fp_text value 1k (at 0 1.65) (layer F.Fab)
      (effects (font (size 1 1) (thickness 0.15)))
    )
    (fp_text user %R (at 0 0) (layer F.Fab)
      (effects (font (size 0.5 0.5) (thickness 0.08)))
    )
    (fp_line (start 1.68 0.95) (end -1.68 0.95) (layer F.CrtYd) (width 0.05))
    (fp_line (start 1.68 -0.95) (end 1.68 0.95) (layer F.CrtYd) (width 0.05))
    (fp_line (start -1.68 -0.95) (end 1.68 -0.95) (layer F.CrtYd) (width 0.05))
    (fp_line (start -1.68 0.95) (end -1.68 -0.95) (layer F.CrtYd) (width 0.05))
    (fp_line (start -0.258578 0.71) (end 0.258578 0.71) (layer F.SilkS) (width 0.12))
    (fp_line (start -0.258578 -0.71) (end 0.258578 -0.71) (layer F.SilkS) (width 0.12))
    (fp_line (start 1 0.6) (end -1 0.6) (layer F.Fab) (width 0.1))
    (fp_line (start 1 -0.6) (end 1 0.6) (layer F.Fab) (width 0.1))
    (fp_line (start -1 -0.6) (end 1 -0.6) (layer F.Fab) (width 0.1))
    (fp_line (start -1 0.6) (end -1 -0.6) (layer F.Fab) (width 0.1))
    (pad 2 smd roundrect (at 0.9375 0) (size 0.975 1.4) (layers F.Cu F.Paste F.Mask) (roundrect_rratio 0.25)
      (net 1 GND))
    (pad 1 smd roundrect (at -0.9375 0) (size 0.975 1.4) (layers F.Cu F.Paste F.Mask) (roundrect_rratio 0.25)
      (net 11 /sw6))
    (model ${KISYS3DMOD}/Resistor_SMD.3dshapes/R_0805_2012Metric.wrl
      (at (xyz 0 0 0))
      (scale (xyz 1 1 1))
      (rotate (xyz 0 0 0))
    )
  )

  (module Resistor_SMD:R_0805_2012Metric (layer F.Cu) (tedit 5B36C52B) (tstamp 5CBA6245)
    (at 41.585001 46.495001)
    (descr "Resistor SMD 0805 (2012 Metric), square (rectangular) end terminal, IPC_7351 nominal, (Body size source: https://docs.google.com/spreadsheets/d/1BsfQQcO9C6DZCsRaXUlFlo91Tg2WpOkGARC1WS5S8t0/edit?usp=sharing), generated with kicad-footprint-generator")
    (tags resistor)
    (path /5C76CD99)
    (attr smd)
    (fp_text reference R105 (at 0 -1.65) (layer F.SilkS)
      (effects (font (size 1 1) (thickness 0.15)))
    )
    (fp_text value 1k (at 0 1.65) (layer F.Fab)
      (effects (font (size 1 1) (thickness 0.15)))
    )
    (fp_line (start -1 0.6) (end -1 -0.6) (layer F.Fab) (width 0.1))
    (fp_line (start -1 -0.6) (end 1 -0.6) (layer F.Fab) (width 0.1))
    (fp_line (start 1 -0.6) (end 1 0.6) (layer F.Fab) (width 0.1))
    (fp_line (start 1 0.6) (end -1 0.6) (layer F.Fab) (width 0.1))
    (fp_line (start -0.258578 -0.71) (end 0.258578 -0.71) (layer F.SilkS) (width 0.12))
    (fp_line (start -0.258578 0.71) (end 0.258578 0.71) (layer F.SilkS) (width 0.12))
    (fp_line (start -1.68 0.95) (end -1.68 -0.95) (layer F.CrtYd) (width 0.05))
    (fp_line (start -1.68 -0.95) (end 1.68 -0.95) (layer F.CrtYd) (width 0.05))
    (fp_line (start 1.68 -0.95) (end 1.68 0.95) (layer F.CrtYd) (width 0.05))
    (fp_line (start 1.68 0.95) (end -1.68 0.95) (layer F.CrtYd) (width 0.05))
    (fp_text user %R (at 0 0) (layer F.Fab)
      (effects (font (size 0.5 0.5) (thickness 0.08)))
    )
    (pad 1 smd roundrect (at -0.9375 0) (size 0.975 1.4) (layers F.Cu F.Paste F.Mask) (roundrect_rratio 0.25)
      (net 12 /sw1))
    (pad 2 smd roundrect (at 0.9375 0) (size 0.975 1.4) (layers F.Cu F.Paste F.Mask) (roundrect_rratio 0.25)
      (net 1 GND))
    (model ${KISYS3DMOD}/Resistor_SMD.3dshapes/R_0805_2012Metric.wrl
      (at (xyz 0 0 0))
      (scale (xyz 1 1 1))
      (rotate (xyz 0 0 0))
    )
  )

  (module Resistor_SMD:R_0805_2012Metric (layer F.Cu) (tedit 5B36C52B) (tstamp 5CBA6256)
    (at 35.635001 55.995001)
    (descr "Resistor SMD 0805 (2012 Metric), square (rectangular) end terminal, IPC_7351 nominal, (Body size source: https://docs.google.com/spreadsheets/d/1BsfQQcO9C6DZCsRaXUlFlo91Tg2WpOkGARC1WS5S8t0/edit?usp=sharing), generated with kicad-footprint-generator")
    (tags resistor)
    (path /5C76F372)
    (attr smd)
    (fp_text reference R106 (at 0 -1.65) (layer F.SilkS)
      (effects (font (size 1 1) (thickness 0.15)))
    )
    (fp_text value 1k (at 0 1.65) (layer F.Fab)
      (effects (font (size 1 1) (thickness 0.15)))
    )
    (fp_text user %R (at 0 0) (layer F.Fab)
      (effects (font (size 0.5 0.5) (thickness 0.08)))
    )
    (fp_line (start 1.68 0.95) (end -1.68 0.95) (layer F.CrtYd) (width 0.05))
    (fp_line (start 1.68 -0.95) (end 1.68 0.95) (layer F.CrtYd) (width 0.05))
    (fp_line (start -1.68 -0.95) (end 1.68 -0.95) (layer F.CrtYd) (width 0.05))
    (fp_line (start -1.68 0.95) (end -1.68 -0.95) (layer F.CrtYd) (width 0.05))
    (fp_line (start -0.258578 0.71) (end 0.258578 0.71) (layer F.SilkS) (width 0.12))
    (fp_line (start -0.258578 -0.71) (end 0.258578 -0.71) (layer F.SilkS) (width 0.12))
    (fp_line (start 1 0.6) (end -1 0.6) (layer F.Fab) (width 0.1))
    (fp_line (start 1 -0.6) (end 1 0.6) (layer F.Fab) (width 0.1))
    (fp_line (start -1 -0.6) (end 1 -0.6) (layer F.Fab) (width 0.1))
    (fp_line (start -1 0.6) (end -1 -0.6) (layer F.Fab) (width 0.1))
    (pad 2 smd roundrect (at 0.9375 0) (size 0.975 1.4) (layers F.Cu F.Paste F.Mask) (roundrect_rratio 0.25)
      (net 1 GND))
    (pad 1 smd roundrect (at -0.9375 0) (size 0.975 1.4) (layers F.Cu F.Paste F.Mask) (roundrect_rratio 0.25)
      (net 13 /sw2))
    (model ${KISYS3DMOD}/Resistor_SMD.3dshapes/R_0805_2012Metric.wrl
      (at (xyz 0 0 0))
      (scale (xyz 1 1 1))
      (rotate (xyz 0 0 0))
    )
  )

  (module Resistor_SMD:R_0805_2012Metric (layer F.Cu) (tedit 5B36C52B) (tstamp 5CBA6267)
    (at 42.455001 48.445001)
    (descr "Resistor SMD 0805 (2012 Metric), square (rectangular) end terminal, IPC_7351 nominal, (Body size source: https://docs.google.com/spreadsheets/d/1BsfQQcO9C6DZCsRaXUlFlo91Tg2WpOkGARC1WS5S8t0/edit?usp=sharing), generated with kicad-footprint-generator")
    (tags resistor)
    (path /5C7700DF)
    (attr smd)
    (fp_text reference R107 (at 0 -1.65) (layer F.SilkS)
      (effects (font (size 1 1) (thickness 0.15)))
    )
    (fp_text value 1k (at 0 1.65) (layer F.Fab)
      (effects (font (size 1 1) (thickness 0.15)))
    )
    (fp_line (start -1 0.6) (end -1 -0.6) (layer F.Fab) (width 0.1))
    (fp_line (start -1 -0.6) (end 1 -0.6) (layer F.Fab) (width 0.1))
    (fp_line (start 1 -0.6) (end 1 0.6) (layer F.Fab) (width 0.1))
    (fp_line (start 1 0.6) (end -1 0.6) (layer F.Fab) (width 0.1))
    (fp_line (start -0.258578 -0.71) (end 0.258578 -0.71) (layer F.SilkS) (width 0.12))
    (fp_line (start -0.258578 0.71) (end 0.258578 0.71) (layer F.SilkS) (width 0.12))
    (fp_line (start -1.68 0.95) (end -1.68 -0.95) (layer F.CrtYd) (width 0.05))
    (fp_line (start -1.68 -0.95) (end 1.68 -0.95) (layer F.CrtYd) (width 0.05))
    (fp_line (start 1.68 -0.95) (end 1.68 0.95) (layer F.CrtYd) (width 0.05))
    (fp_line (start 1.68 0.95) (end -1.68 0.95) (layer F.CrtYd) (width 0.05))
    (fp_text user %R (at 0 0) (layer F.Fab)
      (effects (font (size 0.5 0.5) (thickness 0.08)))
    )
    (pad 1 smd roundrect (at -0.9375 0) (size 0.975 1.4) (layers F.Cu F.Paste F.Mask) (roundrect_rratio 0.25)
      (net 14 /sw3))
    (pad 2 smd roundrect (at 0.9375 0) (size 0.975 1.4) (layers F.Cu F.Paste F.Mask) (roundrect_rratio 0.25)
      (net 1 GND))
    (model ${KISYS3DMOD}/Resistor_SMD.3dshapes/R_0805_2012Metric.wrl
      (at (xyz 0 0 0))
      (scale (xyz 1 1 1))
      (rotate (xyz 0 0 0))
    )
  )

  (module Resistor_SMD:R_0805_2012Metric (layer F.Cu) (tedit 5B36C52B) (tstamp 5CBA6278)
    (at 52.325001 41.885001)
    (descr "Resistor SMD 0805 (2012 Metric), square (rectangular) end terminal, IPC_7351 nominal, (Body size source: https://docs.google.com/spreadsheets/d/1BsfQQcO9C6DZCsRaXUlFlo91Tg2WpOkGARC1WS5S8t0/edit?usp=sharing), generated with kicad-footprint-generator")
    (tags resistor)
    (path /5C8AC6DA)
    (attr smd)
    (fp_text reference R108 (at 0 -1.65) (layer F.SilkS)
      (effects (font (size 1 1) (thickness 0.15)))
    )
    (fp_text value 1k (at 0 1.65) (layer F.Fab)
      (effects (font (size 1 1) (thickness 0.15)))
    )
    (fp_text user %R (at 0 0) (layer F.Fab)
      (effects (font (size 0.5 0.5) (thickness 0.08)))
    )
    (fp_line (start 1.68 0.95) (end -1.68 0.95) (layer F.CrtYd) (width 0.05))
    (fp_line (start 1.68 -0.95) (end 1.68 0.95) (layer F.CrtYd) (width 0.05))
    (fp_line (start -1.68 -0.95) (end 1.68 -0.95) (layer F.CrtYd) (width 0.05))
    (fp_line (start -1.68 0.95) (end -1.68 -0.95) (layer F.CrtYd) (width 0.05))
    (fp_line (start -0.258578 0.71) (end 0.258578 0.71) (layer F.SilkS) (width 0.12))
    (fp_line (start -0.258578 -0.71) (end 0.258578 -0.71) (layer F.SilkS) (width 0.12))
    (fp_line (start 1 0.6) (end -1 0.6) (layer F.Fab) (width 0.1))
    (fp_line (start 1 -0.6) (end 1 0.6) (layer F.Fab) (width 0.1))
    (fp_line (start -1 -0.6) (end 1 -0.6) (layer F.Fab) (width 0.1))
    (fp_line (start -1 0.6) (end -1 -0.6) (layer F.Fab) (width 0.1))
    (pad 2 smd roundrect (at 0.9375 0) (size 0.975 1.4) (layers F.Cu F.Paste F.Mask) (roundrect_rratio 0.25)
      (net 1 GND))
    (pad 1 smd roundrect (at -0.9375 0) (size 0.975 1.4) (layers F.Cu F.Paste F.Mask) (roundrect_rratio 0.25)
      (net 15 /sw4))
    (model ${KISYS3DMOD}/Resistor_SMD.3dshapes/R_0805_2012Metric.wrl
      (at (xyz 0 0 0))
      (scale (xyz 1 1 1))
      (rotate (xyz 0 0 0))
    )
  )

  (module Resistor_SMD:R_0805_2012Metric (layer F.Cu) (tedit 5B36C52B) (tstamp 5CBA6289)
    (at 42.455001 50.395001)
    (descr "Resistor SMD 0805 (2012 Metric), square (rectangular) end terminal, IPC_7351 nominal, (Body size source: https://docs.google.com/spreadsheets/d/1BsfQQcO9C6DZCsRaXUlFlo91Tg2WpOkGARC1WS5S8t0/edit?usp=sharing), generated with kicad-footprint-generator")
    (tags resistor)
    (path /5C94ADC2)
    (attr smd)
    (fp_text reference R109 (at 0 -1.65) (layer F.SilkS)
      (effects (font (size 1 1) (thickness 0.15)))
    )
    (fp_text value 1k (at 0 1.65) (layer F.Fab)
      (effects (font (size 1 1) (thickness 0.15)))
    )
    (fp_line (start -1 0.6) (end -1 -0.6) (layer F.Fab) (width 0.1))
    (fp_line (start -1 -0.6) (end 1 -0.6) (layer F.Fab) (width 0.1))
    (fp_line (start 1 -0.6) (end 1 0.6) (layer F.Fab) (width 0.1))
    (fp_line (start 1 0.6) (end -1 0.6) (layer F.Fab) (width 0.1))
    (fp_line (start -0.258578 -0.71) (end 0.258578 -0.71) (layer F.SilkS) (width 0.12))
    (fp_line (start -0.258578 0.71) (end 0.258578 0.71) (layer F.SilkS) (width 0.12))
    (fp_line (start -1.68 0.95) (end -1.68 -0.95) (layer F.CrtYd) (width 0.05))
    (fp_line (start -1.68 -0.95) (end 1.68 -0.95) (layer F.CrtYd) (width 0.05))
    (fp_line (start 1.68 -0.95) (end 1.68 0.95) (layer F.CrtYd) (width 0.05))
    (fp_line (start 1.68 0.95) (end -1.68 0.95) (layer F.CrtYd) (width 0.05))
    (fp_text user %R (at 0 0) (layer F.Fab)
      (effects (font (size 0.5 0.5) (thickness 0.08)))
    )
    (pad 1 smd roundrect (at -0.9375 0) (size 0.975 1.4) (layers F.Cu F.Paste F.Mask) (roundrect_rratio 0.25)
      (net 16 /PWM))
    (pad 2 smd roundrect (at 0.9375 0) (size 0.975 1.4) (layers F.Cu F.Paste F.Mask) (roundrect_rratio 0.25)
      (net 5 "Net-(Q101-Pad2)"))
    (model ${KISYS3DMOD}/Resistor_SMD.3dshapes/R_0805_2012Metric.wrl
      (at (xyz 0 0 0))
      (scale (xyz 1 1 1))
      (rotate (xyz 0 0 0))
    )
  )

  (module Resistor_SMD:R_0805_2012Metric (layer F.Cu) (tedit 5B36C52B) (tstamp 5CBA629A)
    (at 35.635001 57.945001)
