(kicad_pcb (version 20171130) (host pcbnew "(5.0.2)-1")

  (general
    (thickness 1.6)
    (drawings 4)
    (tracks 0)
    (zones 0)
    (modules 18)
    (nets 23)
  )

  (page A4)
  (layers
    (0 F.Cu jumper)
    (1 GND.Cu power)
    (2 P3V3.Cu power)
    (31 B.Cu signal)
    (37 F.SilkS user)
    (39 F.Mask user)
    (44 Edge.Cuts user)
    (45 Margin user)
    (46 B.CrtYd user)
    (47 F.CrtYd user)
  )

  (setup
    (last_trace_width 0.25)
    (trace_clearance 0.2)
    (zone_clearance 0.508)
    (zone_45_only no)
    (trace_min 0.2)
    (segment_width 0.2)
    (edge_width 0.15)
    (via_size 0.8)
    (via_drill 0.4)
    (via_min_size 0.4)
    (via_min_drill 0.3)
    (uvia_size 0.3)
    (uvia_drill 0.1)
    (uvias_allowed no)
    (uvia_min_size 0.2)
    (uvia_min_drill 0.1)
    (pcb_text_width 0.3)
    (pcb_text_size 1.5 1.5)
    (mod_edge_width 0.15)
    (mod_text_size 1 1)
    (mod_text_width 0.15)
    (pad_size 1.524 1.524)
    (pad_drill 0.762)
    (pad_to_mask_clearance 0.051)
    (solder_mask_min_width 0.25)
    (aux_axis_origin 0 0)
    (visible_elements FFFFF77F)
    (pcbplotparams
      (layerselection 0x010fc_ffffffff)
      (usegerberextensions false)
      (usegerberattributes false)
      (usegerberadvancedattributes false)
      (creategerberjobfile false)
      (excludeedgelayer true)
      (linewidth 0.100000)
      (plotframeref false)
      (viasonmask false)
      (mode 1)
      (useauxorigin false)
      (hpglpennumber 1)
      (hpglpenspeed 20)
      (hpglpendiameter 15.000000)
      (psnegative false)
      (psa4output false)
      (plotreference true)
      (plotvalue true)
      (plotinvisibletext false)
      (padsonsilk false)
      (subtractmaskfromsilk false)
      (outputformat 1)
      (mirror false)
      (drillshape 1)
      (scaleselection 1)
      (outputdirectory ""))
  )

  (net 0 "")
  (net 1 GND)
  (net 2 +5V)
  (net 3 +3V3)
  (net 4 /3.3V_Analog)
  (net 5 "Net-(Q101-Pad2)")
  (net 6 "Net-(Q101-Pad3)")
  (net 7 "Net-(Q101-Pad1)")
  (net 8 /SCL)
  (net 9 /SDA)
  (net 10 /sw5)
  (net 11 /sw6)
  (net 12 /sw1)
  (net 13 /sw2)
  (net 14 /sw3)
  (net 15 /sw4)
  (net 16 /PWM)
  (net 17 "Net-(U101-Pad2)")
  (net 18 "Net-(RV101-Pad2)")
  (net 19 "Net-(U101-Pad5)")
  (net 20 "Net-(U101-Pad6)")
  (net 21 "Net-(U101-Pad7)")
  (net 22 "Net-(D101-Pad1)")

  (net_class Default "This is the default net class."
    (clearance 0.2)
    (trace_width 0.25)
    (via_dia 0.8)
    (via_drill 0.4)
    (uvia_dia 0.3)
    (uvia_drill 0.1)
    (add_net +3V3)
    (add_net /3.3V_Analog)
    (add_net /PWM)
    (add_net /SCL)
    (add_net /SDA)
    (add_net /sw1)
    (add_net /sw2)
    (add_net /sw3)
    (add_net /sw4)
    (add_net /sw5)
    (add_net /sw6)
    (add_net "Net-(D101-Pad1)")
    (add_net "Net-(Q101-Pad1)")
    (add_net "Net-(Q101-Pad2)")
    (add_net "Net-(Q101-Pad3)")
    (add_net "Net-(RV101-Pad2)")
    (add_net "Net-(U101-Pad2)")
    (add_net "Net-(U101-Pad5)")
    (add_net "Net-(U101-Pad6)")
    (add_net "Net-(U101-Pad7)")
  )

  (net_class Power ""
    (clearance 0.4)
    (trace_width 0.5)
    (via_dia 1.6)
    (via_drill 0.8)
    (uvia_dia 0.3)
    (uvia_drill 0.1)
    (add_net +5V)
    (add_net GND)
  )

  (module Capacitor_SMD:C_0805_2012Metric (layer F.Cu) (tedit 5B36C52B) (tstamp 5CBA61AB)
    (at 155.835001 54.145001)
    (descr "Capacitor SMD 0805 (2012 Metric), square (rectangular) end terminal, IPC_7351 nominal, (Body size source: https://docs.google.com/spreadsheets/d/1BsfQQcO9C6DZCsRaXUlFlo91Tg2WpOkGARC1WS5S8t0/edit?usp=sharing), generated with kicad-footprint-generator")
    (tags capacitor)
    (path /5C97CA99)
    (attr smd)
    (fp_text reference C102 (at 0 -1.65) (layer F.SilkS)
      (effects (font (size 1 1) (thickness 0.15)))
    )
    (fp_text value 100n (at 0 1.65) (layer F.Fab)
      (effects (font (size 1 1) (thickness 0.15)))
    )
    (fp_text user %R (at 0 0) (layer F.Fab)
      (effects (font (size 0.5 0.5) (thickness 0.08)))
    )
    (fp_line (start 1.68 0.95) (end -1.68 0.95) (layer F.CrtYd) (width 0.05))
    (fp_line (start 1.68 -0.95) (end 1.68 0.95) (layer F.CrtYd) (width 0.05))
    (fp_line (start -1.68 -0.95) (end 1.68 -0.95) (layer F.CrtYd) (width 0.05))
    (fp_line (start -1.68 0.95) (end -1.68 -0.95) (layer F.CrtYd) (width 0.05))
    (fp_line (start -0.258578 0.71) (end 0.258578 0.71) (layer F.SilkS) (width 0.12))
    (fp_line (start -0.258578 -0.71) (end 0.258578 -0.71) (layer F.SilkS) (width 0.12))
    (fp_line (start 1 0.6) (end -1 0.6) (layer F.Fab) (width 0.1))
    (fp_line (start 1 -0.6) (end 1 0.6) (layer F.Fab) (width 0.1))
    (fp_line (start -1 -0.6) (end 1 -0.6) (layer F.Fab) (width 0.1))
    (fp_line (start -1 0.6) (end -1 -0.6) (layer F.Fab) (width 0.1))
    (pad 2 smd roundrect (at 0.9375 0) (size 0.975 1.4) (layers F.Cu F.Paste F.Mask) (roundrect_rratio 0.25)
      (net 1 GND))
    (pad 1 smd roundrect (at -0.9375 0) (size 0.975 1.4) (layers F.Cu F.Paste F.Mask) (roundrect_rratio 0.25)
      (net 2 +5V))
    (model ${KISYS3DMOD}/Capacitor_SMD.3dshapes/C_0805_2012Metric.wrl
      (at (xyz 0 0 0))
      (scale (xyz 1 1 1))
      (rotate (xyz 0 0 0))
    )
  )

  (module Capacitor_SMD:C_0805_2012Metric (layer F.Cu) (tedit 5B36C52B) (tstamp 5CBA61BC)
    (at 133.635001 69.145001)
    (descr "Capacitor SMD 0805 (2012 Metric), square (rectangular) end terminal, IPC_7351 nominal, (Body size source: https://docs.google.com/spreadsheets/d/1BsfQQcO9C6DZCsRaXUlFlo91Tg2WpOkGARC1WS5S8t0/edit?usp=sharing), generated with kicad-footprint-generator")
    (tags capacitor)
    (path /5C97B695)
    (attr smd)
    (fp_text reference C103 (at 0 -1.65) (layer F.SilkS)
      (effects (font (size 1 1) (thickness 0.15)))
    )
    (fp_text value 100n (at 0 1.65) (layer F.Fab)
      (effects (font (size 1 1) (thickness 0.15)))
    )
    (fp_line (start -1 0.6) (end -1 -0.6) (layer F.Fab) (width 0.1))
    (fp_line (start -1 -0.6) (end 1 -0.6) (layer F.Fab) (width 0.1))
    (fp_line (start 1 -0.6) (end 1 0.6) (layer F.Fab) (width 0.1))
    (fp_line (start 1 0.6) (end -1 0.6) (layer F.Fab) (width 0.1))
    (fp_line (start -0.258578 -0.71) (end 0.258578 -0.71) (layer F.SilkS) (width 0.12))
    (fp_line (start -0.258578 0.71) (end 0.258578 0.71) (layer F.SilkS) (width 0.12))
    (fp_line (start -1.68 0.95) (end -1.68 -0.95) (layer F.CrtYd) (width 0.05))
    (fp_line (start -1.68 -0.95) (end 1.68 -0.95) (layer F.CrtYd) (width 0.05))
    (fp_line (start 1.68 -0.95) (end 1.68 0.95) (layer F.CrtYd) (width 0.05))
    (fp_line (start 1.68 0.95) (end -1.68 0.95) (layer F.CrtYd) (width 0.05))
    (fp_text user %R (at 0 0) (layer F.Fab)
      (effects (font (size 0.5 0.5) (thickness 0.08)))
    )
    (pad 1 smd roundrect (at -0.9375 0) (size 0.975 1.4) (layers F.Cu F.Paste F.Mask) (roundrect_rratio 0.25)
      (net 3 +3V3))
    (pad 2 smd roundrect (at 0.9375 0) (size 0.975 1.4) (layers F.Cu F.Paste F.Mask) (roundrect_rratio 0.25)
      (net 1 GND))
    (model ${KISYS3DMOD}/Capacitor_SMD.3dshapes/C_0805_2012Metric.wrl
      (at (xyz 0 0 0))
      (scale (xyz 1 1 1))
      (rotate (xyz 0 0 0))
    )
  )

  (module Capacitor_SMD:C_0805_2012Metric (layer F.Cu) (tedit 5B36C52B) (tstamp 5CBA61CD)
    (at 133.635001 71.095001)
    (descr "Capacitor SMD 0805 (2012 Metric), square (rectangular) end terminal, IPC_7351 nominal, (Body size source: https://docs.google.com/spreadsheets/d/1BsfQQcO9C6DZCsRaXUlFlo91Tg2WpOkGARC1WS5S8t0/edit?usp=sharing), generated with kicad-footprint-generator")
    (tags capacitor)
    (path /5C97C4F5)
    (attr smd)
    (fp_text reference C105 (at 0 -1.65) (layer F.SilkS)
      (effects (font (size 1 1) (thickness 0.15)))
    )
    (fp_text value 100n (at 0 1.65) (layer F.Fab)
      (effects (font (size 1 1) (thickness 0.15)))
    )
    (fp_line (start -1 0.6) (end -1 -0.6) (layer F.Fab) (width 0.1))
    (fp_line (start -1 -0.6) (end 1 -0.6) (layer F.Fab) (width 0.1))
    (fp_line (start 1 -0.6) (end 1 0.6) (layer F.Fab) (width 0.1))
    (fp_line (start 1 0.6) (end -1 0.6) (layer F.Fab) (width 0.1))
    (fp_line (start -0.258578 -0.71) (end 0.258578 -0.71) (layer F.SilkS) (width 0.12))
    (fp_line (start -0.258578 0.71) (end 0.258578 0.71) (layer F.SilkS) (width 0.12))
    (fp_line (start -1.68 0.95) (end -1.68 -0.95) (layer F.CrtYd) (width 0.05))
    (fp_line (start -1.68 -0.95) (end 1.68 -0.95) (layer F.CrtYd) (width 0.05))
    (fp_line (start 1.68 -0.95) (end 1.68 0.95) (layer F.CrtYd) (width 0.05))
    (fp_line (start 1.68 0.95) (end -1.68 0.95) (layer F.CrtYd) (width 0.05))
    (fp_text user %R (at 0 0) (layer F.Fab)
      (effects (font (size 0.5 0.5) (thickness 0.08)))
    )
    (pad 1 smd roundrect (at -0.9375 0) (size 0.975 1.4) (layers F.Cu F.Paste F.Mask) (roundrect_rratio 0.25)
      (net 3 +3V3))
    (pad 2 smd roundrect (at 0.9375 0) (size 0.975 1.4) (layers F.Cu F.Paste F.Mask) (roundrect_rratio 0.25)
      (net 1 GND))
    (model ${KISYS3DMOD}/Capacitor_SMD.3dshapes/C_0805_2012Metric.wrl
      (at (xyz 0 0 0))
      (scale (xyz 1 1 1))
      (rotate (xyz 0 0 0))
    )
  )

  (module Capacitor_SMD:C_0805_2012Metric (layer F.Cu) (tedit 5B36C52B) (tstamp 5CBA61DE)
    (at 150.325001 58.935001)
    (descr "Capacitor SMD 0805 (2012 Metric), square (rectangular) end terminal, IPC_7351 nominal, (Body size source: https://docs.google.com/spreadsheets/d/1BsfQQcO9C6DZCsRaXUlFlo91Tg2WpOkGARC1WS5S8t0/edit?usp=sharing), generated with kicad-footprint-generator")
    (tags capacitor)
    (path /5C77B7BB)
    (attr smd)
    (fp_text reference C106 (at 0 -1.65) (layer F.SilkS)
      (effects (font (size 1 1) (thickness 0.15)))
    )
    (fp_text value 100n (at 0 1.65) (layer F.Fab)
      (effects (font (size 1 1) (thickness 0.15)))
    )
    (fp_text user %R (at 0 0) (layer F.Fab)
      (effects (font (size 0.5 0.5) (thickness 0.08)))
    )
    (fp_line (start 1.68 0.95) (end -1.68 0.95) (layer F.CrtYd) (width 0.05))
    (fp_line (start 1.68 -0.95) (end 1.68 0.95) (layer F.CrtYd) (width 0.05))
    (fp_line (start -1.68 -0.95) (end 1.68 -0.95) (layer F.CrtYd) (width 0.05))
    (fp_line (start -1.68 0.95) (end -1.68 -0.95) (layer F.CrtYd) (width 0.05))
    (fp_line (start -0.258578 0.71) (end 0.258578 0.71) (layer F.SilkS) (width 0.12))
    (fp_line (start -0.258578 -0.71) (end 0.258578 -0.71) (layer F.SilkS) (width 0.12))
    (fp_line (start 1 0.6) (end -1 0.6) (layer F.Fab) (width 0.1))
    (fp_line (start 1 -0.6) (end 1 0.6) (layer F.Fab) (width 0.1))
    (fp_line (start -1 -0.6) (end 1 -0.6) (layer F.Fab) (width 0.1))
    (fp_line (start -1 0.6) (end -1 -0.6) (layer F.Fab) (width 0.1))
    (pad 2 smd roundrect (at 0.9375 0) (size 0.975 1.4) (layers F.Cu F.Paste F.Mask) (roundrect_rratio 0.25)
      (net 1 GND))
    (pad 1 smd roundrect (at -0.9375 0) (size 0.975 1.4) (layers F.Cu F.Paste F.Mask) (roundrect_rratio 0.25)
      (net 4 /3.3V_Analog))
    (model ${KISYS3DMOD}/Capacitor_SMD.3dshapes/C_0805_2012Metric.wrl
      (at (xyz 0 0 0))
      (scale (xyz 1 1 1))
      (rotate (xyz 0 0 0))
    )
  )

  (module Package_TO_SOT_THT:TO-92_Inline (layer F.Cu) (tedit 5A1DD157) (tstamp 5CBA61F0)
    (at 150.105001 55.925001)
    (descr "TO-92 leads in-line, narrow, oval pads, drill 0.75mm (see NXP sot054_po.pdf)")
    (tags "to-92 sc-43 sc-43a sot54 PA33 transistor")
    (path /5C972688)
    (fp_text reference Q101 (at 1.27 -3.56) (layer F.SilkS)
      (effects (font (size 1 1) (thickness 0.15)))
    )
    (fp_text value 2N3904 (at 1.27 2.79) (layer F.Fab)
      (effects (font (size 1 1) (thickness 0.15)))
    )
    (fp_text user %R (at 1.27 -3.56) (layer F.Fab)
      (effects (font (size 1 1) (thickness 0.15)))
    )
    (fp_line (start -0.53 1.85) (end 3.07 1.85) (layer F.SilkS) (width 0.12))
    (fp_line (start -0.5 1.75) (end 3 1.75) (layer F.Fab) (width 0.1))
    (fp_line (start -1.46 -2.73) (end 4 -2.73) (layer F.CrtYd) (width 0.05))
    (fp_line (start -1.46 -2.73) (end -1.46 2.01) (layer F.CrtYd) (width 0.05))
    (fp_line (start 4 2.01) (end 4 -2.73) (layer F.CrtYd) (width 0.05))
    (fp_line (start 4 2.01) (end -1.46 2.01) (layer F.CrtYd) (width 0.05))
    (fp_arc (start 1.27 0) (end 1.27 -2.48) (angle 135) (layer F.Fab) (width 0.1))
    (fp_arc (start 1.27 0) (end 1.27 -2.6) (angle -135) (layer F.SilkS) (width 0.12))
    (fp_arc (start 1.27 0) (end 1.27 -2.48) (angle -135) (layer F.Fab) (width 0.1))
    (fp_arc (start 1.27 0) (end 1.27 -2.6) (angle 135) (layer F.SilkS) (width 0.12))
    (pad 2 thru_hole oval (at 1.27 0) (size 1.05 1.5) (drill 0.75) (layers *.Cu *.Mask)
      (net 5 "Net-(Q101-Pad2)"))
    (pad 3 thru_hole oval (at 2.54 0) (size 1.05 1.5) (drill 0.75) (layers *.Cu *.Mask)
      (net 6 "Net-(Q101-Pad3)"))
    (pad 1 thru_hole rect (at 0 0) (size 1.05 1.5) (drill 0.75) (layers *.Cu *.Mask)
      (net 7 "Net-(Q101-Pad1)"))
    (model ${KISYS3DMOD}/Package_TO_SOT_THT.3dshapes/TO-92_Inline.wrl
      (at (xyz 0 0 0))
      (scale (xyz 1 1 1))
      (rotate (xyz 0 0 0))
    )
  )

  (module Resistor_SMD:R_0805_2012Metric (layer F.Cu) (tedit 5B36C52B) (tstamp 5CBA6201)
    (at 137.045001 69.145001)
    (descr "Resistor SMD 0805 (2012 Metric), square (rectangular) end terminal, IPC_7351 nominal, (Body size source: https://docs.google.com/spreadsheets/d/1BsfQQcO9C6DZCsRaXUlFlo91Tg2WpOkGARC1WS5S8t0/edit?usp=sharing), generated with kicad-footprint-generator")
    (tags resistor)
    (path /5C8C87D4)
    (attr smd)
    (fp_text reference R101 (at 0 -1.65) (layer F.SilkS)
      (effects (font (size 1 1) (thickness 0.15)))
    )
    (fp_text value DNP (at 0 1.65) (layer F.Fab)
      (effects (font (size 1 1) (thickness 0.15)))
    )
    (fp_text user %R (at 0 0) (layer F.Fab)
      (effects (font (size 0.5 0.5) (thickness 0.08)))
    )
    (fp_line (start 1.68 0.95) (end -1.68 0.95) (layer F.CrtYd) (width 0.05))
    (fp_line (start 1.68 -0.95) (end 1.68 0.95) (layer F.CrtYd) (width 0.05))
    (fp_line (start -1.68 -0.95) (end 1.68 -0.95) (layer F.CrtYd) (width 0.05))
    (fp_line (start -1.68 0.95) (end -1.68 -0.95) (layer F.CrtYd) (width 0.05))
    (fp_line (start -0.258578 0.71) (end 0.258578 0.71) (layer F.SilkS) (width 0.12))
    (fp_line (start -0.258578 -0.71) (end 0.258578 -0.71) (layer F.SilkS) (width 0.12))
    (fp_line (start 1 0.6) (end -1 0.6) (layer F.Fab) (width 0.1))
    (fp_line (start 1 -0.6) (end 1 0.6) (layer F.Fab) (width 0.1))
    (fp_line (start -1 -0.6) (end 1 -0.6) (layer F.Fab) (width 0.1))
    (fp_line (start -1 0.6) (end -1 -0.6) (layer F.Fab) (width 0.1))
    (pad 2 smd roundrect (at 0.9375 0) (size 0.975 1.4) (layers F.Cu F.Paste F.Mask) (roundrect_rratio 0.25)
      (net 3 +3V3))
    (pad 1 smd roundrect (at -0.9375 0) (size 0.975 1.4) (layers F.Cu F.Paste F.Mask) (roundrect_rratio 0.25)
      (net 8 /SCL))
    (model ${KISYS3DMOD}/Resistor_SMD.3dshapes/R_0805_2012Metric.wrl
      (at (xyz 0 0 0))
      (scale (xyz 1 1 1))
      (rotate (xyz 0 0 0))
    )
  )

  (module Resistor_SMD:R_0805_2012Metric (layer F.Cu) (tedit 5B36C52B) (tstamp 5CBA6212)
    (at 133.635001 73.045001)
    (descr "Resistor SMD 0805 (2012 Metric), square (rectangular) end terminal, IPC_7351 nominal, (Body size source: https://docs.google.com/spreadsheets/d/1BsfQQcO9C6DZCsRaXUlFlo91Tg2WpOkGARC1WS5S8t0/edit?usp=sharing), generated with kicad-footprint-generator")
    (tags resistor)
    (path /5C8C8858)
    (attr smd)
    (fp_text reference R102 (at 0 -1.65) (layer F.SilkS)
      (effects (font (size 1 1) (thickness 0.15)))
    )
    (fp_text value DNP (at 0 1.65) (layer F.Fab)
      (effects (font (size 1 1) (thickness 0.15)))
    )
    (fp_line (start -1 0.6) (end -1 -0.6) (layer F.Fab) (width 0.1))
    (fp_line (start -1 -0.6) (end 1 -0.6) (layer F.Fab) (width 0.1))
    (fp_line (start 1 -0.6) (end 1 0.6) (layer F.Fab) (width 0.1))
    (fp_line (start 1 0.6) (end -1 0.6) (layer F.Fab) (width 0.1))
    (fp_line (start -0.258578 -0.71) (end 0.258578 -0.71) (layer F.SilkS) (width 0.12))
    (fp_line (start -0.258578 0.71) (end 0.258578 0.71) (layer F.SilkS) (width 0.12))
    (fp_line (start -1.68 0.95) (end -1.68 -0.95) (layer F.CrtYd) (width 0.05))
    (fp_line (start -1.68 -0.95) (end 1.68 -0.95) (layer F.CrtYd) (width 0.05))
    (fp_line (start 1.68 -0.95) (end 1.68 0.95) (layer F.CrtYd) (width 0.05))
    (fp_line (start 1.68 0.95) (end -1.68 0.95) (layer F.CrtYd) (width 0.05))
    (fp_text user %R (at 0 0) (layer F.Fab)
      (effects (font (size 0.5 0.5) (thickness 0.08)))
    )
    (pad 1 smd roundrect (at -0.9375 0) (size 0.975 1.4) (layers F.Cu F.Paste F.Mask) (roundrect_rratio 0.25)
      (net 9 /SDA))
    (pad 2 smd roundrect (at 0.9375 0) (size 0.975 1.4) (layers F.Cu F.Paste F.Mask) (roundrect_rratio 0.25)
      (net 3 +3V3))
    (model ${KISYS3DMOD}/Resistor_SMD.3dshapes/R_0805_2012Metric.wrl
      (at (xyz 0 0 0))
      (scale (xyz 1 1 1))
      (rotate (xyz 0 0 0))
    )
  )

  (module Resistor_SMD:R_0805_2012Metric (layer F.Cu) (tedit 5B36C52B) (tstamp 5CBA6223)
    (at 142.995001 65.495001)
    (descr "Resistor SMD 0805 (2012 Metric), square (rectangular) end terminal, IPC_7351 nominal, (Body size source: https://docs.google.com/spreadsheets/d/1BsfQQcO9C6DZCsRaXUlFlo91Tg2WpOkGARC1WS5S8t0/edit?usp=sharing), generated with kicad-footprint-generator")
    (tags resistor)
    (path /5C8AC6FB)
    (attr smd)
    (fp_text reference R103 (at 0 -1.65) (layer F.SilkS)
      (effects (font (size 1 1) (thickness 0.15)))
    )
    (fp_text value 1k (at 0 1.65) (layer F.Fab)
      (effects (font (size 1 1) (thickness 0.15)))
    )
    (fp_line (start -1 0.6) (end -1 -0.6) (layer F.Fab) (width 0.1))
    (fp_line (start -1 -0.6) (end 1 -0.6) (layer F.Fab) (width 0.1))
    (fp_line (start 1 -0.6) (end 1 0.6) (layer F.Fab) (width 0.1))
    (fp_line (start 1 0.6) (end -1 0.6) (layer F.Fab) (width 0.1))
    (fp_line (start -0.258578 -0.71) (end 0.258578 -0.71) (layer F.SilkS) (width 0.12))
    (fp_line (start -0.258578 0.71) (end 0.258578 0.71) (layer F.SilkS) (width 0.12))
    (fp_line (start -1.68 0.95) (end -1.68 -0.95) (layer F.CrtYd) (width 0.05))
    (fp_line (start -1.68 -0.95) (end 1.68 -0.95) (layer F.CrtYd) (width 0.05))
    (fp_line (start 1.68 -0.95) (end 1.68 0.95) (layer F.CrtYd) (width 0.05))
    (fp_line (start 1.68 0.95) (end -1.68 0.95) (layer F.CrtYd) (width 0.05))
    (fp_text user %R (at 0 0) (layer F.Fab)
      (effects (font (size 0.5 0.5) (thickness 0.08)))
    )
    (pad 1 smd roundrect (at -0.9375 0) (size 0.975 1.4) (layers F.Cu F.Paste F.Mask) (roundrect_rratio 0.25)
      (net 10 /sw5))
    (pad 2 smd roundrect (at 0.9375 0) (size 0.975 1.4) (layers F.Cu F.Paste F.Mask) (roundrect_rratio 0.25)
      (net 1 GND))
    (model ${KISYS3DMOD}/Resistor_SMD.3dshapes/R_0805_2012Metric.wrl
      (at (xyz 0 0 0))
      (scale (xyz 1 1 1))
      (rotate (xyz 0 0 0))
    )
  )

  (module Resistor_SMD:R_0805_2012Metric (layer F.Cu) (tedit 5B36C52B) (tstamp 5CBA6234)
    (at 137.045001 71.095001)
    (descr "Resistor SMD 0805 (2012 Metric), square (rectangular) end terminal, IPC_7351 nominal, (Body size source: https://docs.google.com/spreadsheets/d/1BsfQQcO9C6DZCsRaXUlFlo91Tg2WpOkGARC1WS5S8t0/edit?usp=sharing), generated with kicad-footprint-generator")
    (tags resistor)
    (path /5C8AC71C)
    (attr smd)
    (fp_text reference R104 (at 0 -1.65) (layer F.SilkS)
      (effects (font (size 1 1) (thickness 0.15)))
    )
    (fp_text value 1k (at 0 1.65) (layer F.Fab)
      (effects (font (size 1 1) (thickness 0.15)))
    )
    (fp_text user %R (at 0 0) (layer F.Fab)
      (effects (font (size 0.5 0.5) (thickness 0.08)))
    )
    (fp_line (start 1.68 0.95) (end -1.68 0.95) (layer F.CrtYd) (width 0.05))
    (fp_line (start 1.68 -0.95) (end 1.68 0.95) (layer F.CrtYd) (width 0.05))
    (fp_line (start -1.68 -0.95) (end 1.68 -0.95) (layer F.CrtYd) (width 0.05))
    (fp_line (start -1.68 0.95) (end -1.68 -0.95) (layer F.CrtYd) (width 0.05))
    (fp_line (start -0.258578 0.71) (end 0.258578 0.71) (layer F.SilkS) (width 0.12))
    (fp_line (start -0.258578 -0.71) (end 0.258578 -0.71) (layer F.SilkS) (width 0.12))
    (fp_line (start 1 0.6) (end -1 0.6) (layer F.Fab) (width 0.1))
    (fp_line (start 1 -0.6) (end 1 0.6) (layer F.Fab) (width 0.1))
    (fp_line (start -1 -0.6) (end 1 -0.6) (layer F.Fab) (width 0.1))
    (fp_line (start -1 0.6) (end -1 -0.6) (layer F.Fab) (width 0.1))
    (pad 2 smd roundrect (at 0.9375 0) (size 0.975 1.4) (layers F.Cu F.Paste F.Mask) (roundrect_rratio 0.25)
      (net 1 GND))
    (pad 1 smd roundrect (at -0.9375 0) (size 0.975 1.4) (layers F.Cu F.Paste F.Mask) (roundrect_rratio 0.25)
      (net 11 /sw6))
    (model ${KISYS3DMOD}/Resistor_SMD.3dshapes/R_0805_2012Metric.wrl
      (at (xyz 0 0 0))
      (scale (xyz 1 1 1))
      (rotate (xyz 0 0 0))
    )
  )

  (module Resistor_SMD:R_0805_2012Metric (layer F.Cu) (tedit 5B36C52B) (tstamp 5CBA6245)
    (at 139.585001 65.495001)
    (descr "Resistor SMD 0805 (2012 Metric), square (rectangular) end terminal, IPC_7351 nominal, (Body size source: https://docs.google.com/spreadsheets/d/1BsfQQcO9C6DZCsRaXUlFlo91Tg2WpOkGARC1WS5S8t0/edit?usp=sharing), generated with kicad-footprint-generator")
    (tags resistor)
    (path /5C76CD99)
    (attr smd)
    (fp_text reference R105 (at 0 -1.65) (layer F.SilkS)
      (effects (font (size 1 1) (thickness 0.15)))
    )
    (fp_text value 1k (at 0 1.65) (layer F.Fab)
      (effects (font (size 1 1) (thickness 0.15)))
    )
    (fp_line (start -1 0.6) (end -1 -0.6) (layer F.Fab) (width 0.1))
    (fp_line (start -1 -0.6) (end 1 -0.6) (layer F.Fab) (width 0.1))
    (fp_line (start 1 -0.6) (end 1 0.6) (layer F.Fab) (width 0.1))
    (fp_line (start 1 0.6) (end -1 0.6) (layer F.Fab) (width 0.1))
    (fp_line (start -0.258578 -0.71) (end 0.258578 -0.71) (layer F.SilkS) (width 0.12))
    (fp_line (start -0.258578 0.71) (end 0.258578 0.71) (layer F.SilkS) (width 0.12))
    (fp_line (start -1.68 0.95) (end -1.68 -0.95) (layer F.CrtYd) (width 0.05))
    (fp_line (start -1.68 -0.95) (end 1.68 -0.95) (layer F.CrtYd) (width 0.05))
    (fp_line (start 1.68 -0.95) (end 1.68 0.95) (layer F.CrtYd) (width 0.05))
    (fp_line (start 1.68 0.95) (end -1.68 0.95) (layer F.CrtYd) (width 0.05))
    (fp_text user %R (at 0 0) (layer F.Fab)
      (effects (font (size 0.5 0.5) (thickness 0.08)))
    )
    (pad 1 smd roundrect (at -0.9375 0) (size 0.975 1.4) (layers F.Cu F.Paste F.Mask) (roundrect_rratio 0.25)
      (net 12 /sw1))
    (pad 2 smd roundrect (at 0.9375 0) (size 0.975 1.4) (layers F.Cu F.Paste F.Mask) (roundrect_rratio 0.25)
      (net 1 GND))
    (model ${KISYS3DMOD}/Resistor_SMD.3dshapes/R_0805_2012Metric.wrl
      (at (xyz 0 0 0))
      (scale (xyz 1 1 1))
      (rotate (xyz 0 0 0))
    )
  )

  (module Resistor_SMD:R_0805_2012Metric (layer F.Cu) (tedit 5B36C52B) (tstamp 5CBA6256)
    (at 133.635001 74.995001)
    (descr "Resistor SMD 0805 (2012 Metric), square (rectangular) end terminal, IPC_7351 nominal, (Body size source: https://docs.google.com/spreadsheets/d/1BsfQQcO9C6DZCsRaXUlFlo91Tg2WpOkGARC1WS5S8t0/edit?usp=sharing), generated with kicad-footprint-generator")
    (tags resistor)
    (path /5C76F372)
    (attr smd)
    (fp_text reference R106 (at 0 -1.65) (layer F.SilkS)
      (effects (font (size 1 1) (thickness 0.15)))
    )
    (fp_text value 1k (at 0 1.65) (layer F.Fab)
      (effects (font (size 1 1) (thickness 0.15)))
    )
    (fp_text user %R (at 0 0) (layer F.Fab)
      (effects (font (size 0.5 0.5) (thickness 0.08)))
    )
    (fp_line (start 1.68 0.95) (end -1.68 0.95) (layer F.CrtYd) (width 0.05))
    (fp_line (start 1.68 -0.95) (end 1.68 0.95) (layer F.CrtYd) (width 0.05))
    (fp_line (start -1.68 -0.95) (end 1.68 -0.95) (layer F.CrtYd) (width 0.05))
    (fp_line (start -1.68 0.95) (end -1.68 -0.95) (layer F.CrtYd) (width 0.05))
    (fp_line (start -0.258578 0.71) (end 0.258578 0.71) (layer F.SilkS) (width 0.12))
    (fp_line (start -0.258578 -0.71) (end 0.258578 -0.71) (layer F.SilkS) (width 0.12))
    (fp_line (start 1 0.6) (end -1 0.6) (layer F.Fab) (width 0.1))
    (fp_line (start 1 -0.6) (end 1 0.6) (layer F.Fab) (width 0.1))
    (fp_line (start -1 -0.6) (end 1 -0.6) (layer F.Fab) (width 0.1))
    (fp_line (start -1 0.6) (end -1 -0.6) (layer F.Fab) (width 0.1))
    (pad 2 smd roundrect (at 0.9375 0) (size 0.975 1.4) (layers F.Cu F.Paste F.Mask) (roundrect_rratio 0.25)
      (net 1 GND))
    (pad 1 smd roundrect (at -0.9375 0) (size 0.975 1.4) (layers F.Cu F.Paste F.Mask) (roundrect_rratio 0.25)
      (net 13 /sw2))
    (model ${KISYS3DMOD}/Resistor_SMD.3dshapes/R_0805_2012Metric.wrl
      (at (xyz 0 0 0))
      (scale (xyz 1 1 1))
      (rotate (xyz 0 0 0))
    )
  )

  (module Resistor_SMD:R_0805_2012Metric (layer F.Cu) (tedit 5B36C52B) (tstamp 5CBA6267)
    (at 140.455001 67.445001)
    (descr "Resistor SMD 0805 (2012 Metric), square (rectangular) end terminal, IPC_7351 nominal, (Body size source: https://docs.google.com/spreadsheets/d/1BsfQQcO9C6DZCsRaXUlFlo91Tg2WpOkGARC1WS5S8t0/edit?usp=sharing), generated with kicad-footprint-generator")
    (tags resistor)
    (path /5C7700DF)
    (attr smd)
    (fp_text reference R107 (at 0 -1.65) (layer F.SilkS)
      (effects (font (size 1 1) (thickness 0.15)))
    )
    (fp_text value 1k (at 0 1.65) (layer F.Fab)
      (effects (font (size 1 1) (thickness 0.15)))
    )
    (fp_line (start -1 0.6) (end -1 -0.6) (layer F.Fab) (width 0.1))
    (fp_line (start -1 -0.6) (end 1 -0.6) (layer F.Fab) (width 0.1))
    (fp_line (start 1 -0.6) (end 1 0.6) (layer F.Fab) (width 0.1))
    (fp_line (start 1 0.6) (end -1 0.6) (layer F.Fab) (width 0.1))
    (fp_line (start -0.258578 -0.71) (end 0.258578 -0.71) (layer F.SilkS) (width 0.12))
    (fp_line (start -0.258578 0.71) (end 0.258578 0.71) (layer F.SilkS) (width 0.12))
    (fp_line (start -1.68 0.95) (end -1.68 -0.95) (layer F.CrtYd) (width 0.05))
    (fp_line (start -1.68 -0.95) (end 1.68 -0.95) (layer F.CrtYd) (width 0.05))
    (fp_line (start 1.68 -0.95) (end 1.68 0.95) (layer F.CrtYd) (width 0.05))
    (fp_line (start 1.68 0.95) (end -1.68 0.95) (layer F.CrtYd) (width 0.05))
    (fp_text user %R (at 0 0) (layer F.Fab)
      (effects (font (size 0.5 0.5) (thickness 0.08)))
    )
    (pad 1 smd roundrect (at -0.9375 0) (size 0.975 1.4) (layers F.Cu F.Paste F.Mask) (roundrect_rratio 0.25)
      (net 14 /sw3))
    (pad 2 smd roundrect (at 0.9375 0) (size 0.975 1.4) (layers F.Cu F.Paste F.Mask) (roundrect_rratio 0.25)
      (net 1 GND))
    (model ${KISYS3DMOD}/Resistor_SMD.3dshapes/R_0805_2012Metric.wrl
      (at (xyz 0 0 0))
      (scale (xyz 1 1 1))
      (rotate (xyz 0 0 0))
    )
  )

  (module Resistor_SMD:R_0805_2012Metric (layer F.Cu) (tedit 5B36C52B) (tstamp 5CBA6278)
    (at 150.325001 60.885001)
    (descr "Resistor SMD 0805 (2012 Metric), square (rectangular) end terminal, IPC_7351 nominal, (Body size source: https://docs.google.com/spreadsheets/d/1BsfQQcO9C6DZCsRaXUlFlo91Tg2WpOkGARC1WS5S8t0/edit?usp=sharing), generated with kicad-footprint-generator")
    (tags resistor)
    (path /5C8AC6DA)
    (attr smd)
    (fp_text reference R108 (at 0 -1.65) (layer F.SilkS)
      (effects (font (size 1 1) (thickness 0.15)))
    )
    (fp_text value 1k (at 0 1.65) (layer F.Fab)
      (effects (font (size 1 1) (thickness 0.15)))
    )
    (fp_text user %R (at 0 0) (layer F.Fab)
      (effects (font (size 0.5 0.5) (thickness 0.08)))
    )
    (fp_line (start 1.68 0.95) (end -1.68 0.95) (layer F.CrtYd) (width 0.05))
    (fp_line (start 1.68 -0.95) (end 1.68 0.95) (layer F.CrtYd) (width 0.05))
    (fp_line (start -1.68 -0.95) (end 1.68 -0.95) (layer F.CrtYd) (width 0.05))
    (fp_line (start -1.68 0.95) (end -1.68 -0.95) (layer F.CrtYd) (width 0.05))
    (fp_line (start -0.258578 0.71) (end 0.258578 0.71) (layer F.SilkS) (width 0.12))
    (fp_line (start -0.258578 -0.71) (end 0.258578 -0.71) (layer F.SilkS) (width 0.12))
    (fp_line (start 1 0.6) (end -1 0.6) (layer F.Fab) (width 0.1))
    (fp_line (start 1 -0.6) (end 1 0.6) (layer F.Fab) (width 0.1))
    (fp_line (start -1 -0.6) (end 1 -0.6) (layer F.Fab) (width 0.1))
    (fp_line (start -1 0.6) (end -1 -0.6) (layer F.Fab) (width 0.1))
    (pad 2 smd roundrect (at 0.9375 0) (size 0.975 1.4) (layers F.Cu F.Paste F.Mask) (roundrect_rratio 0.25)
      (net 1 GND))
    (pad 1 smd roundrect (at -0.9375 0) (size 0.975 1.4) (layers F.Cu F.Paste F.Mask) (roundrect_rratio 0.25)
      (net 15 /sw4))
    (model ${KISYS3DMOD}/Resistor_SMD.3dshapes/R_0805_2012Metric.wrl
      (at (xyz 0 0 0))
      (scale (xyz 1 1 1))
      (rotate (xyz 0 0 0))
    )
  )

  (module Resistor_SMD:R_0805_2012Metric (layer F.Cu) (tedit 5B36C52B) (tstamp 5CBA6289)
    (at 140.455001 69.395001)
    (descr "Resistor SMD 0805 (2012 Metric), square (rectangular) end terminal, IPC_7351 nominal, (Body size source: https://docs.google.com/spreadsheets/d/1BsfQQcO9C6DZCsRaXUlFlo91Tg2WpOkGARC1WS5S8t0/edit?usp=sharing), generated with kicad-footprint-generator")
    (tags resistor)
    (path /5C94ADC2)
    (attr smd)
    (fp_text reference R109 (at 0 -1.65) (layer F.SilkS)
      (effects (font (size 1 1) (thickness 0.15)))
    )
    (fp_text value 1k (at 0 1.65) (layer F.Fab)
      (effects (font (size 1 1) (thickness 0.15)))
    )
    (fp_line (start -1 0.6) (end -1 -0.6) (layer F.Fab) (width 0.1))
    (fp_line (start -1 -0.6) (end 1 -0.6) (layer F.Fab) (width 0.1))
    (fp_line (start 1 -0.6) (end 1 0.6) (layer F.Fab) (width 0.1))
    (fp_line (start 1 0.6) (end -1 0.6) (layer F.Fab) (width 0.1))
    (fp_line (start -0.258578 -0.71) (end 0.258578 -0.71) (layer F.SilkS) (width 0.12))
    (fp_line (start -0.258578 0.71) (end 0.258578 0.71) (layer F.SilkS) (width 0.12))
    (fp_line (start -1.68 0.95) (end -1.68 -0.95) (layer F.CrtYd) (width 0.05))
    (fp_line (start -1.68 -0.95) (end 1.68 -0.95) (layer F.CrtYd) (width 0.05))
    (fp_line (start 1.68 -0.95) (end 1.68 0.95) (layer F.CrtYd) (width 0.05))
    (fp_line (start 1.68 0.95) (end -1.68 0.95) (layer F.CrtYd) (width 0.05))
    (fp_text user %R (at 0 0) (layer F.Fab)
      (effects (font (size 0.5 0.5) (thickness 0.08)))
    )
    (pad 1 smd roundrect (at -0.9375 0) (size 0.975 1.4) (layers F.Cu F.Paste F.Mask) (roundrect_rratio 0.25)
      (net 16 /PWM))
    (pad 2 smd roundrect (at 0.9375 0) (size 0.975 1.4) (layers F.Cu F.Paste F.Mask) (roundrect_rratio 0.25)
      (net 5 "Net-(Q101-Pad2)"))
    (model ${KISYS3DMOD}/Resistor_SMD.3dshapes/R_0805_2012Metric.wrl
      (at (xyz 0 0 0))
      (scale (xyz 1 1 1))
      (rotate (xyz 0 0 0))
    )
  )

  (module Resistor_SMD:R_0805_2012Metric (layer F.Cu) (tedit 5B36C52B) (tstamp 5CBA629A)
    (at 133.635001 76.945001)
    (descr "Resistor SMD 0805 (2012 Metric), square (rectangular) end terminal, IPC_7351 nominal, (Body size source: https://docs.google.com/spreadsheets/d/1BsfQQcO9C6DZCsRaXUlFlo91Tg2WpOkGARC1WS5S8t0/edit?usp=sharing), generated with kicad-footprint-generator")
    (tags resistor)
    (path /5C930181)
    (attr smd)
    (fp_text reference R110 (at 0 -1.65) (layer F.SilkS)
      (effects (font (size 1 1) (thickness 0.15)))
    )
    (fp_text value 300 (at 0 1.65) (layer F.Fab)
      (effects (font (size 1 1) (thickness 0.15)))
    )
    (fp_text user %R (at 0 0) (layer F.Fab)
      (effects (font (size 0.5 0.5) (thickness 0.08)))
    )
    (fp_line (start 1.68 0.95) (end -1.68 0.95) (layer F.CrtYd) (width 0.05))
    (fp_line (start 1.68 -0.95) (end 1.68 0.95) (layer F.CrtYd) (width 0.05))
    (fp_line (start -1.68 -0.95) (end 1.68 -0.95) (layer F.CrtYd) (width 0.05))
    (fp_line (start -1.68 0.95) (end -1.68 -0.95) (layer F.CrtYd) (width 0.05))
    (fp_line (start -0.258578 0.71) (end 0.258578 0.71) (layer F.SilkS) (width 0.12))
    (fp_line (start -0.258578 -0.71) (end 0.258578 -0.71) (layer F.SilkS) (width 0.12))
    (fp_line (start 1 0.6) (end -1 0.6) (layer F.Fab) (width 0.1))
    (fp_line (start 1 -0.6) (end 1 0.6) (layer F.Fab) (width 0.1))
    (fp_line (start -1 -0.6) (end 1 -0.6) (layer F.Fab) (width 0.1))
    (fp_line (start -1 0.6) (end -1 -0.6) (layer F.Fab) (width 0.1))
    (pad 2 smd roundrect (at 0.9375 0) (size 0.975 1.4) (layers F.Cu F.Paste F.Mask) (roundrect_rratio 0.25)
      (net 2 +5V))
    (pad 1 smd roundrect (at -0.9375 0) (size 0.975 1.4) (layers F.Cu F.Paste F.Mask) (roundrect_rratio 0.25)
      (net 6 "Net-(Q101-Pad3)"))
    (model ${KISYS3DMOD}/Resistor_SMD.3dshapes/R_0805_2012Metric.wrl
      (at (xyz 0 0 0))
      (scale (xyz 1 1 1))
      (rotate (xyz 0 0 0))
    )
  )

  (module Package_SO:TSSOP-10_3x3mm_P0.5mm (layer F.Cu) (tedit 5A02F25C) (tstamp 5CBA62B9)
    (at 134.905001 66.345001)
    (descr "TSSOP10: plastic thin shrink small outline package; 10 leads; body width 3 mm; (see NXP SSOP-TSSOP-VSO-REFLOW.pdf and sot552-1_po.pdf)")
    (tags "SSOP 0.5")
    (path /5C8A41C9)
    (attr smd)
    (fp_text reference U101 (at 0 -2.55) (layer F.SilkS)
      (effects (font (size 1 1) (thickness 0.15)))
    )
    (fp_text value ADS1015IDGS (at 0 2.55) (layer F.Fab)
      (effects (font (size 1 1) (thickness 0.15)))
    )
    (fp_line (start -0.5 -1.5) (end 1.5 -1.5) (layer F.Fab) (width 0.15))
    (fp_line (start 1.5 -1.5) (end 1.5 1.5) (layer F.Fab) (width 0.15))
    (fp_line (start 1.5 1.5) (end -1.5 1.5) (layer F.Fab) (width 0.15))
    (fp_line (start -1.5 1.5) (end -1.5 -0.5) (layer F.Fab) (width 0.15))
    (fp_line (start -1.5 -0.5) (end -0.5 -1.5) (layer F.Fab) (width 0.15))
    (fp_line (start -2.95 -1.8) (end -2.95 1.8) (layer F.CrtYd) (width 0.05))
    (fp_line (start 2.95 -1.8) (end 2.95 1.8) (layer F.CrtYd) (width 0.05))
    (fp_line (start -2.95 -1.8) (end 2.95 -1.8) (layer F.CrtYd) (width 0.05))
    (fp_line (start -2.95 1.8) (end 2.95 1.8) (layer F.CrtYd) (width 0.05))
    (fp_line (start -1.625 -1.625) (end -1.625 -1.45) (layer F.SilkS) (width 0.15))
    (fp_line (start 1.625 -1.625) (end 1.625 -1.35) (layer F.SilkS) (width 0.15))
    (fp_line (start 1.625 1.625) (end 1.625 1.35) (layer F.SilkS) (width 0.15))
    (fp_line (start -1.625 1.625) (end -1.625 1.35) (layer F.SilkS) (width 0.15))
    (fp_line (start -1.625 -1.625) (end 1.625 -1.625) (layer F.SilkS) (width 0.15))
    (fp_line (start -1.625 1.625) (end 1.625 1.625) (layer F.SilkS) (width 0.15))
    (fp_line (start -1.625 -1.45) (end -2.7 -1.45) (layer F.SilkS) (width 0.15))
    (fp_text user %R (at 0 0) (layer F.Fab)
      (effects (font (size 0.6 0.6) (thickness 0.15)))
    )
    (pad 1 smd rect (at -2.15 -1) (size 1.1 0.25) (layers F.Cu F.Paste F.Mask)
      (net 1 GND))
    (pad 2 smd rect (at -2.15 -0.5) (size 1.1 0.25) (layers F.Cu F.Paste F.Mask)
      (net 17 "Net-(U101-Pad2)"))
    (pad 3 smd rect (at -2.15 0) (size 1.1 0.25) (layers F.Cu F.Paste F.Mask)
      (net 1 GND))
    (pad 4 smd rect (at -2.15 0.5) (size 1.1 0.25) (layers F.Cu F.Paste F.Mask)
      (net 18 "Net-(RV101-Pad2)"))
    (pad 5 smd rect (at -2.15 1) (size 1.1 0.25) (layers F.Cu F.Paste F.Mask)
      (net 19 "Net-(U101-Pad5)"))
    (pad 6 smd rect (at 2.15 1) (size 1.1 0.25) (layers F.Cu F.Paste F.Mask)
      (net 20 "Net-(U101-Pad6)"))
    (pad 7 smd rect (at 2.15 0.5) (size 1.1 0.25) (layers F.Cu F.Paste F.Mask)
      (net 21 "Net-(U101-Pad7)"))
    (pad 8 smd rect (at 2.15 0) (size 1.1 0.25) (layers F.Cu F.Paste F.Mask)
      (net 3 +3V3))
    (pad 9 smd rect (at 2.15 -0.5) (size 1.1 0.25) (layers F.Cu F.Paste F.Mask)
      (net 9 /SDA))
    (pad 10 smd rect (at 2.15 -1) (size 1.1 0.25) (layers F.Cu F.Paste F.Mask)
      (net 8 /SCL))
    (model ${KISYS3DMOD}/Package_SO.3dshapes/TSSOP-10_3x3mm_P0.5mm.wrl
      (at (xyz 0 0 0))
      (scale (xyz 1 1 1))
      (rotate (xyz 0 0 0))
    )
  )

  (module Package_TO_SOT_SMD:TO-263-5_TabPin3 (layer F.Cu) (tedit 5A70FBB6) (tstamp 5CBA62E9)
    (at 138.625 56)
    (descr "TO-263 / D2PAK / DDPAK SMD package, http://www.infineon.com/cms/en/product/packages/PG-TO263/PG-TO263-5-1/")
    (tags "D2PAK DDPAK TO-263 D2PAK-5 TO-263-5 SOT-426")
    (path /5C9105C8)
    (attr smd)
    (fp_text reference U102 (at 0 -6.65) (layer F.SilkS)
      (effects (font (size 1 1) (thickness 0.15)))
    )
    (fp_text value LM2595S-3.3 (at 0 6.65) (layer F.Fab)
      (effects (font (size 1 1) (thickness 0.15)))
    )
    (fp_line (start 6.5 -5) (end 7.5 -5) (layer F.Fab) (width 0.1))
    (fp_line (start 7.5 -5) (end 7.5 5) (layer F.Fab) (width 0.1))
    (fp_line (start 7.5 5) (end 6.5 5) (layer F.Fab) (width 0.1))
    (fp_line (start 6.5 -5) (end 6.5 5) (layer F.Fab) (width 0.1))
    (fp_line (start 6.5 5) (end -2.75 5) (layer F.Fab) (width 0.1))
    (fp_line (start -2.75 5) (end -2.75 -4) (layer F.Fab) (width 0.1))
    (fp_line (start -2.75 -4) (end -1.75 -5) (layer F.Fab) (width 0.1))
    (fp_line (start -1.75 -5) (end 6.5 -5) (layer F.Fab) (width 0.1))
    (fp_line (start -2.75 -3.8) (end -7.45 -3.8) (layer F.Fab) (width 0.1))
    (fp_line (start -7.45 -3.8) (end -7.45 -3) (layer F.Fab) (width 0.1))
    (fp_line (start -7.45 -3) (end -2.75 -3) (layer F.Fab) (width 0.1))
    (fp_line (start -2.75 -2.1) (end -7.45 -2.1) (layer F.Fab) (width 0.1))
    (fp_line (start -7.45 -2.1) (end -7.45 -1.3) (layer F.Fab) (width 0.1))
    (fp_line (start -7.45 -1.3) (end -2.75 -1.3) (layer F.Fab) (width 0.1))
    (fp_line (start -2.75 -0.4) (end -7.45 -0.4) (layer F.Fab) (width 0.1))
    (fp_line (start -7.45 -0.4) (end -7.45 0.4) (layer F.Fab) (width 0.1))
    (fp_line (start -7.45 0.4) (end -2.75 0.4) (layer F.Fab) (width 0.1))
    (fp_line (start -2.75 1.3) (end -7.45 1.3) (layer F.Fab) (width 0.1))
    (fp_line (start -7.45 1.3) (end -7.45 2.1) (layer F.Fab) (width 0.1))
    (fp_line (start -7.45 2.1) (end -2.75 2.1) (layer F.Fab) (width 0.1))
    (fp_line (start -2.75 3) (end -7.45 3) (layer F.Fab) (width 0.1))
    (fp_line (start -7.45 3) (end -7.45 3.8) (layer F.Fab) (width 0.1))
    (fp_line (start -7.45 3.8) (end -2.75 3.8) (layer F.Fab) (width 0.1))
    (fp_line (start -1.45 -5.2) (end -2.95 -5.2) (layer F.SilkS) (width 0.12))
    (fp_line (start -2.95 -5.2) (end -2.95 -4.25) (layer F.SilkS) (width 0.12))
    (fp_line (start -2.95 -4.25) (end -8.075 -4.25) (layer F.SilkS) (width 0.12))
    (fp_line (start -1.45 5.2) (end -2.95 5.2) (layer F.SilkS) (width 0.12))
    (fp_line (start -2.95 5.2) (end -2.95 4.25) (layer F.SilkS) (width 0.12))
    (fp_line (start -2.95 4.25) (end -4.05 4.25) (layer F.SilkS) (width 0.12))
    (fp_line (start -8.32 -5.65) (end -8.32 5.65) (layer F.CrtYd) (width 0.05))
    (fp_line (start -8.32 5.65) (end 8.32 5.65) (layer F.CrtYd) (width 0.05))
    (fp_line (start 8.32 5.65) (end 8.32 -5.65) (layer F.CrtYd) (width 0.05))
    (fp_line (start 8.32 -5.65) (end -8.32 -5.65) (layer F.CrtYd) (width 0.05))
    (fp_text user %R (at 0 0) (layer F.Fab)
      (effects (font (size 1 1) (thickness 0.15)))
    )
    (pad 1 smd rect (at -5.775 -3.4) (size 4.6 1.1) (layers F.Cu F.Paste F.Mask)
      (net 22 "Net-(D101-Pad1)"))
    (pad 2 smd rect (at -5.775 -1.7) (size 4.6 1.1) (layers F.Cu F.Paste F.Mask)
      (net 2 +5V))
    (pad 3 smd rect (at -5.775 0) (size 4.6 1.1) (layers F.Cu F.Paste F.Mask)
      (net 1 GND))
    (pad 4 smd rect (at -5.775 1.7) (size 4.6 1.1) (layers F.Cu F.Paste F.Mask)
      (net 3 +3V3))
    (pad 5 smd rect (at -5.775 3.4) (size 4.6 1.1) (layers F.Cu F.Paste F.Mask)
      (net 1 GND))
    (pad 3 smd rect (at 3.375 0) (size 9.4 10.8) (layers F.Cu F.Mask)
      (net 1 GND))
    (pad "" smd rect (at 5.8 2.775) (size 4.55 5.25) (layers F.Paste))
    (pad "" smd rect (at 0.95 -2.775) (size 4.55 5.25) (layers F.Paste))
    (pad "" smd rect (at 5.8 -2.775) (size 4.55 5.25) (layers F.Paste))
    (pad "" smd rect (at 0.95 2.775) (size 4.55 5.25) (layers F.Paste))
    (model ${KISYS3DMOD}/Package_TO_SOT_SMD.3dshapes/TO-263-5_TabPin3.wrl
      (at (xyz 0 0 0))
      (scale (xyz 1 1 1))
      (rotate (xyz 0 0 0))
    )
  )

  (module "myFoodprints:Piezo CE-C75" (layer F.Cu) (tedit 5CAB1679) (tstamp 5CBA62F4)
    (at 116.32549 68.67549)
    (path /5C920E2B)
    (fp_text reference Y101 (at 0.4 -16.8) (layer F.SilkS)
      (effects (font (size 1 1) (thickness 0.15)))
    )
    (fp_text value Piezo_boxtec (at 0.7 -18.7) (layer F.Fab)
      (effects (font (size 1 1) (thickness 0.15)))
    )
